-2515 
180 1816 -18 -4966 1933 -4052 3963 -4755 -4090 1260 
315 -3797 -3807 -349 4973 522 -2248 -4605 -959 -2185 
-3869 3394 2351 2412 3708 3429 138 4204 -3454 3696 
-2810 4145 3931 3516 2072 -504 3102 -2278 -2339 -3493 
624 -1240 -2978 544 -3684 3025 -3438 -800 568 -2695 
4436 -518 -1210 4154 1495 -936 1529 3768 -4313 -3453 
-919 -1108 4450 4099 -2568 -785 278 3593 -4571 4133 
-1971 3265 4033 4620 -4697 -1502 -479 -3531 1526 -4696 
-4317 738 2160 -3757 -1596 -2047 -4656 -495 -3583 -1320 
-3650 -4022 -2484 -2975 -272 3339 -2942 -2648 4081 -779 
-4117 -4141 3986 -4746 -4878 -1615 -818 3417 2246 -522 
-4270 2202 -2657 4534 -4420 -4436 4613 -401 -637 -1074 
-2851 29 -809 -501 -955 -4664 123 -4623 467 2704 
-336 1109 1240 1836 3076 1428 -309 4239 4299 3181 
-4796 3644 -3572 -1986 -4011 -2292 3072 2204 256 4926 
4246 39 -2379 2622 -2645 1404 -4870 -4072 1352 173 
4273 -4242 364 2351 1476 -2439 843 -46 4196 -3459 
2999 4038 610 512 -1121 4540 573 -547 -3675 -3477 
-4786 -3677 2084 -3532 4080 4835 -1007 -2873 -4027 3626 
4369 4135 -860 1643 1756 -2196 -4697 -3214 1456 -4552 
212 1524 4777 -2163 -3350 954 1424 2796 -993 -4704 
338 1712 2567 -3863 1890 3821 664 3525 1105 2163 
3276 -2954 -4019 2888 -3610 -2641 2728 -1004 -1528 1518 
-1222 4510 1669 -4405 1369 3720 -4222 1329 409 3014 
-3981 -754 655 -3435 -333 -1194 -4854 -3078 1091 1884 
-4300 -2392 4711 -4173 -3468 1270 -306 -2687 -1752 4752 
-2831 325 -3630 188 -2387 -197 -2176 -800 3652 4558 
3569 -2589 1456 -3890 -1100 -63 2602 -2974 1955 -189 
-3030 -3953 -3600 1854 -544 -4903 -3313 3338 -2157 3321 
3829 1190 -2616 4497 4719 -789 2213 -2932 -1963 4622 
198 -3719 -4432 -3655 -4177 1945 4474 -3716 -3805 -3786 
421 -2560 -2203 4023 -3696 -2803 -1810 2081 2341 -3171 
-2482 1841 -4474 1104 2774 -2585 2937 -4175 1989 485 
3681 392 -3151 -1303 -3697 466 -3560 -3626 88 -4338 
4008 3882 -2727 2281 -116 -1541 -4343 -2307 -2440 3955 
1854 -3003 2215 3966 2707 -956 -3198 -350 904 -2041 
1348 559 4202 -4712 -1764 -4970 4293 4100 -1485 1966 
1767 -4577 3871 261 -1066 3255 2966 4948 -3051 -4234 
-4281 4454 -557 -2756 -3914 971 -1947 700 -3866 -3368 
-2875 -11 -2948 -3103 -4870 917 -3967 -3239 4986 -4743 
-4856 -4071 -1155 4056 -3183 2143 -1243 192 -3635 -4583 
3211 4976 2323 -4429 4555 -4279 1170 -4002 4786 1823 
4472 -3487 -2969 -1724 3747 2051 840 -3818 -2122 1930 
-3705 -536 1774 110 -1563 4575 -1851 -2654 -212 3214 
1751 -2492 -3677 -2124 -4237 -4142 -1970 -2973 3557 -3169 
-3323 997 -4047 1238 -4250 -4374 -1566 447 -4819 -1643 
148 1296 3059 -4072 3438 3766 -3500 1133 1909 -3596 
-763 3351 4221 -4806 1478 3688 401 -3414 -4059 4980 
2757 -3033 -3661 -363 4521 1007 -4661 1297 3233 3915 
-3616 -2455 -2045 2180 1510 -2461 -1408 -1976 1236 -2054 
3639 -819 4008 853 2919 -4603 -3893 -3835 4867 -4413 
-4249 2611 3403 3469 1398 -2471 4552 -2957 -2451 2063 
2616 1695 4921 2218 683 157 344 4704 -4724 -3043 
-4772 4831 2084 -3434 2395 -4818 -2356 -3091 -742 4660 
-3470 1718 1852 -600 -3057 3579 2789 1752 1926 -2869 
-1708 78 -1058 4900 -2656 2608 -3549 -2636 2418 -1257 
-582 -3492 -3932 -1102 260 4934 696 2252 -3914 -1303 
-2244 4123 1494 2091 -4436 -3189 -4520 -2522 297 -2246 
-438 1774 -2359 -4987 -3076 4818 3518 2851 -3419 -4112 
3051 -4272 3762 -2738 -875 -1603 -4545 -2777 1062 2726 
-21 4370 1736 -428 4599 4841 672 -2780 -992 -1080 
-4055 1047 813 805 -1869 -4244 1930 -2624 -3382 -2853 
2199 -86 -3812 -4589 -2757 -2789 4150 4407 -4611 -914 
-1890 948 20 -592 4646 -2842 4957 -871 2351 -2245 
4333 -2631 605 -24 -3929 -3225 -3542 2106 -3856 374 
-2403 -240 -2366 -3654 3772 -472 2846 1754 3135 2535 
2053 -1723 -3849 -2291 -1815 -3303 479 4792 2111 674 
-4526 4760 -3848 4161 -4307 4019 -1072 1565 -986 -4151 
-3130 4558 -3746 3323 -4050 1415 835 -3737 -3021 931 
4152 2295 -1055 -4732 889 3019 -2895 2072 3770 4292 
-1818 -4851 1840 -1741 -2951 -1961 -4062 4417 -2752 -225 
-880 752 4836 2541 4629 3298 4482 -3158 -4055 249 
-4366 2191 -4182 494 -1705 1555 493 1637 -2698 -2301 
-2097 4769 2954 322 177 260 -809 2387 3843 3546 
4862 2564 4255 -2969 4817 4350 3610 -4786 -3464 -166 
-2009 -4668 -78 2086 2829 2308 -4465 -2040 4521 2003 
-1122 -4077 -1497 -1833 3251 -3320 -3859 1988 2636 -4770 
760 3847 -125 -651 1596 -1417 2246 1879 166 200 
-3082 2464 -604 113 -3923 -4352 4887 209 -1325 -4738 
-2233 -3762 -174 -3505 -4424 -2434 1865 4039 2317 -1655 
-210 -2464 -4182 -3874 -3640 3337 2478 4054 4907 -32 
3504 2214 -827 -3245 -1560 4105 -4551 -1293 546 -4963 
618 795 3647 3980 -2278 1040 -4163 -2194 -4141 2169 
-1784 -3779 950 3840 -1312 -1511 2658 3225 3469 -1459 
-1528 2562 1680 3586 -1651 -4244 3100 -1198 -2721 -1654 
-1099 -2304 -3157 -4313 -1960 -1450 798 1357 -4085 -2369 
-4502 163 -4186 1718 1532 -2841 -4878 -2594 316 4268 
-3007 3588 965 -3451 -3937 -1598 -4539 1843 1047 -618 
-2377 -4789 -407 -2542 -3969 3788 3754 2484 -3131 1119 
-852 -4151 -4681 -4624 -4288 -2610 3768 2380 4185 -585 
2381 2747 707 2724 -4471 -4848 3028 -2576 -1433 111 
-3119 -1461 3192 -4338 2804 -1877 2830 -1729 -2243 4767 
-2823 -3059 487 1332 -1409 -3819 3741 -4997 -3919 3496 
2716 3883 -3828 -2338 -3574 3155 -2339 -2692 567 -1293 
-3847 -552 -3405 -117 3052 2397 -2432 -2605 1696 -2197 
-3286 3597 -2992 1776 2660 1320 -2675 4749 4357 -4457 
945 210 867 -4222 -2254 2876 -4338 -3158 745 1056 
-1088 370 3748 2536 4180 -3763 -3079 1053 -2075 275 
284 4837 -3016 1928 -461 1520 4476 3118 -4968 -4034 
-2752 -3559 4254 1331 2103 -4333 3591 -3331 -3144 -3342 
517 -2619 -88 -1097 80 -2460 -516 2409 -4200 1913 
-3239 -2639 4988 88 3551 854 -1398 -3292 2518 -3140 
1191 -3184 -3737 4345 1489 -4157 3198 4184 2771 4954 
-2929 226 601 3603 423 3625 -1851 -3577 -2413 -3114 
2417 -2874 1975 -3450 -3530 -1942 -600 -3775 4844 -251 
-3318 -1716 -445 -2996 -3358 2351 3250 -2631 1475 4792 
4782 827 4139 1617 -3027 2753 3379 3920 2458 2167 
4962 2910 780 1791 -2460 2411 -1405 4275 -3862 336 
-3197 3226 177 -1276 2612 -2742 4391 -1693 -4744 4173 
4795 -3445 3391 -3289 4517 4121 -2040 -3033 2262 308 
713 -1220 545 -2600 2784 106 745 -1497 -4965 -244 
-4931 -2534 901 -2868 2290 -418 1586 -2367 -1392 3741 
1117 1929 -2896 1369 3871 519 1588 4705 -4685 -4210 
3863 -4931 4888 1295 -2570 3724 983 -785 -3345 2289 
-2875 4845 -2807 -4423 3147 3330 4549 -4912 3668 -4630 
3620 -603 1255 3714 121 3963 1926 -3277 1200 2321 
2070 -1058 -4482 -2844 -4304 -4232 -4357 3 4743 2599 
1950 -1469 3243 -4627 439 1844 -2563 1093 99 -4924 
3092 -4660 683 2467 2287 1715 4414 1895 -4164 -1950 
3361 -2095 -2551 -4754 -2124 -2721 -4647 -3490 -2329 -1965 
4089 -550 2780 356 499 -4571 4127 -4573 -2750 4333 
-2909 -559 -2712 -3168 2446 -641 2109 3826 -4440 1094 
1545 -4516 2240 -3927 259 3703 -2336 -2713 2042 1625 
1858 1605 -1371 831 4147 -4581 4742 1196 2807 -3602 
-508 -2863 -4707 -3553 -2039 3998 -3212 1233 -2423 4279 
2446 2016 4804 -3430 4468 3425 -2802 720 3851 -908 
-4547 243 4549 945 -4142 2447 -2870 -1950 3324 -3957 
-4807 -4883 649 2698 -3286 -2810 2783 941 214 -2606 
-3174 3019 41 -3746 1798 1572 3606 -2527 4544 4578 
-2981 207 4008 -255 3479 -32 1162 4641 -4950 4336 
-435 -4566 1388 88 -3206 -2849 -3327 2830 3697 -1675 
4458 4664 -1351 -3674 -3377 -4538 -4249 81 4604 3249 
-3534 965 -1702 -4562 -2364 4078 -3920 2872 3971 702 
-4390 1501 -1712 -2448 -3272 1799 191 -1495 2106 -2641 
-1383 608 -4582 3549 2495 -3809 2714 -3102 -1377 -54 
4881 -3303 -516 2976 3824 3499 -2231 2672 -519 -765 
-90 3022 -4014 4065 -1410 -2859 3478 -45 -80 4943 
2189 3137 -3043 4963 3150 999 1857 943 3218 648 
-4426 38 -3990 1281 3541 -1653 1347 4861 -962 -4017 
2201 -3849 4187 1400 4970 2148 2767 -2798 -4707 706 
180 986 2179 -180 4102 -4871 -2596 -4048 890 -915 
-4723 4098 -1196 4718 2033 1378 -137 -544 -3603 3899 
3117 -1740 -312 4398 -2871 -4188 -869 4239 1851 4527 
-4474 -579 3061 -3135 643 -1800 -292 3095 -2370 -3442 
-3903 -3470 -2347 -1465 -3520 -2326 -1619 578 3096 -1148 
-4955 2287 4876 4775 2623 3966 1418 -4661 1116 -3880 
-3318 -1373 4455 3453 233 -2547 3925 -3635 2167 -2584 
-2564 187 4637 -3403 1345 2543 -1725 849 -2586 4459 
241 -1806 2212 -2704 3460 -945 3077 -3167 -2380 -763 
-1418 -824 2996 1111 4826 1064 4025 -506 4450 -1996 
-4162 2130 -2644 -4882 -2281 1711 -1030 -2462 2597 4444 
-3275 2275 -3814 4848 -4943 -970 3981 -4347 -2718 1422 
4192 4169 -1969 -2376 1872 -3693 -1993 -4728 -883 -2861 
-4815 -365 4891 -467 4856 -2849 -2793 4472 -1849 -2233 
-3410 -318 -239 -4732 2635 2518 -412 -2343 -4177 -4320 
3935 -163 3638 -4096 -3487 1278 -713 -4898 -2172 -1692 
2540 -819 2411 3379 -1612 4018 -2905 2998 2853 4887 
2592 -1384 -1099 1579 -4798 3892 4715 -4915 2358 -2751 
4338 2969 -1341 1702 4654 -4078 -1148 -2748 3793 -3360 
-4949 -3917 -784 -2645 -4282 -1347 -4798 -2839 -4606 4123 
-3239 -2395 -3459 2764 -3084 -3823 -4111 2285 -2861 1069 
-4003 870 -3619 -4856 4006 4785 2751 2037 1486 -3440 
-2858 -1678 -2637 959 -817 -3034 -4756 -3992 2940 -135 
3536 -1562 -2150 -855 -2441 2956 -479 -2230 4356 -666 
-260 -835 -1852 -4512 -2455 -3612 -3312 4374 1330 -4988 
-4135 4748 -2946 4108 -3387 -4417 2066 4565 -1100 3291 
-2052 -3173 3929 303 4001 -1028 981 302 4341 1678 
-2698 -2393 235 -2827 2528 -1865 2158 3605 346 -3331 
-1088 245 3981 2958 -1712 -3787 -2888 -4789 -4623 -2495 
-3785 -3280 2536 2695 4213 3294 -2858 1189 3760 1515 
2200 -218 -1652 -3880 -4069 -4161 -3829 1443 -1180 260 
1083 -4610 -865 -4991 -3328 -2064 4341 2342 1796 -1845 
4516 1618 1724 -4658 3290 1443 -3811 2971 -2911 -995 
-2145 603 -3502 -3318 816 4177 4787 -4992 -3348 -4660 
-670 -4695 -836 2401 -2009 -3249 2556 -3511 1909 2294 
4369 871 -2766 -929 3275 -4500 -4472 -1926 -4184 -4194 
-1222 -1429 -4230 -2825 -1702 769 2185 3690 1578 -2525 
2091 891 2530 -2981 1779 4319 -638 4792 3560 3793 
4728 -1410 1624 1799 868 4977 4797 4676 -3926 3074 
1518 3024 2264 -2087 -1143 -795 -4295 -3005 2400 4091 
4505 -4866 -3311 -778 -2310 -829 3050 -3026 -3290 -1373 
2157 2320 -4730 -2458 -4416 -1405 3410 3551 -4775 413 
4954 -3740 -4120 -4937 -2811 -2004 -3755 1966 -4441 266 
-4437 4028 1352 57 2421 4295 1123 3784 -3207 -2889 
1388 -4839 4130 -4322 -794 -3515 -4798 -1869 -2028 1954 
-4889 3087 -3538 -2601 1181 -3956 -617 -3874 -2395 -3669 
-2100 347 -2827 -4171 -4977 -1043 -2657 132 -2123 -3325 
-4554 1763 -132 401 1343 -765 -750 1011 821 3727 
18 -783 -2753 -4094 -832 -4413 1093 -696 -4041 -217 
1457 -3997 2576 4193 723 1039 3542 -4046 2824 4663 
-1032 -2548 4987 -3895 3742 532 668 -4969 4080 3273 
785 -2080 132 1781 -3958 447 -698 946 4521 162 
-2548 3854 4098 285 2634 -1918 -1665 -4048 52 -193 
-4761 -2425 -317 -3254 -1056 64 -278 -3622 -2174 2402 
3881 -1857 -3474 -308 1249 725 911 -4420 -4327 -3686 
-1008 -2383 -3248 -2132 -402 -4221 -140 -3450 -2640 -2223 
2818 -3315 -188 -309 1279 -4858 -2853 -2750 4103 -1062 
-3688 748 -2427 -2948 245 -2755 -3038 4538 -2649 -1454 
-2480 -3373 -2734 -4577 -903 -1239 3648 2988 308 -2074 
1006 -4293 2457 1859 2312 1901 -716 855 -250 486 
3839 -1683 2934 -2162 2811 -4775 2765 3529 -2321 -3652 
-1368 3881 1125 2310 -3736 1011 -2384 -4660 -3059 -3056 
-1229 -3974 -2286 -4620 -2530 -3686 -951 -2076 2426 2054 
4904 -2653 -1768 4794 -4955 4270 -1244 3374 4606 -358 
-2768 -3310 -3124 -2742 3198 -726 4297 1029 557 -3411 
-3745 -1722 -3991 1225 -4381 1654 -1284 2905 2418 -152 
3705 -2070 4922 3555 -1061 3290 -1156 710 3305 465 
3217 1430 3500 -2027 -789 1643 -2508 -4471 -2323 -1428 
-1480 -3867 -1091 -4008 -2947 -612 4249 1368 4938 -871 
-184 -2943 4857 -2996 -957 2349 -1729 -3868 2771 -3812 
-4144 -2435 -4259 3959 557 -4452 1611 -1626 -737 -968 
1340 1490 -2775 -532 -4464 845 2905 170 -2708 -4959 
4463 -2878 -2507 4535 -3647 4979 3435 649 -1874 3057 
-3117 2570 1777 -4312 -2054 -4028 2057 -3360 598 -3919 
4199 -2927 2687 -1458 4743 -2199 4543 3038 -3933 -2980 
-3563 -357 740 1963 2240 2866 170 2424 1194 -2641 
-1714 137 -3757 -3754 -2058 -357 -3632 -1803 1241 3112 
-2300 1766 -4972 -4804 509 3241 2572 -1323 3186 1761 
-2220 1641 4764 -339 641 -2163 1394 2698 -2980 -4605 
2345 2295 -1880 4691 4763 3050 2725 797 3400 -2191 
4773 4237 -1173 -4740 3213 -31 -1169 9 -3746 -185 
-3503 -2657 788 3994 -3257 495 2318 -3665 -4399 279 
-3649 -4565 -625 26 -2348 4839 1364 -4963 472 3239 
3897 3970 -1099 3927 2133 -3542 -1045 -3785 300 3559 
-779 3576 -4411 2944 -3430 -2169 2080 -471 114 -3542 
-1177 4690 1883 3417 3397 -2898 -3510 4415 1045 935 
-203 -2384 -356 -481 4992 -3731 1849 -3606 1190 2550 
28 3979 -4437 -272 -3419 1789 -4656 -2073 -2594 -2173 
-2041 1845 -4436 -2159 -2233 -4300 -4783 -1780 4898 1888 
-650 -3233 -4715 -4399 -3416 -720 -465 -8 -4480 -2141 
358 -4153 -2713 -3890 -1049 -4554 4441 -4532 1596 2851 
3514 -1563 4899 3545 870 13 -4804 -4795 877 -4404 
-45 -2395 672 4159 3023 4353 -2411 4526 -3094 2927 
-1535 317 2867 -462 -3418 -3226 -4592 -2990 -2550 -4362 
247 3890 -4646 -3609 2335 -2754 -4129 -3985 -3134 339 
2273 -4873 4934 2084 -1127 -2434 -2163 -2407 763 -4257 
1065 -4149 2084 4992 2164 2542 -4496 3708 1615 878 
-3873 -3212 3257 -1107 3112 -2367 -445 -3957 -4993 -978 
-4095 535 3764 -845 4387 -2283 4972 -1260 -3947 -2703 
2835 -4596 3860 -3053 1089 1476 4898 -2428 -355 -3367 
1068 -3553 -4624 -3763 1322 -501 -1636 2860 966 4904 
-2276 -4959 -4751 -984 -595 -2454 -3710 -159 -3314 -3894 
-32 -3536 228 4125 -3277 3504 737 4961 -3547 2827 
1526 -2748 3455 3920 -4890 2440 3873 69 2381 -3554 
-3902 -1025 -448 -1550 -1735 -2736 4647 -1693 -1797 128 
-3879 -154 -3850 1887 -938 2811 -2723 -4247 4059 3472 
-747 -1396 -4942 -1820 -257 4742 -1448 -1617 -920 -2941 
3363 -2480 4061 -1963 2099 -1848 -1869 3316 4631 -3035 
1109 3193 -4076 1281 -2865 -4155 -3150 3276 4427 263 
2936 2327 -1078 -4850 3849 -3213 -2906 -3300 -4994 2649 
-3387 4108 902 3355 4624 -715 4747 1418 1221 702 
4199 -2806 41 -4475 983 -3741 -3038 -2821 3567 -3446 
501 2082 -2978 -2017 2587 -3494 1204 -3112 -518 4984 
-3983 -578 4881 -3048 2591 -1259 -2861 4549 -2574 1122 
2648 1206 2351 -2583 688 -3445 571 4533 -1591 -4248 
-3883 -1573 -2589 -4639 4823 -3039 -1118 3272 -2647 -1254 
1540 2194 -2489 -4283 3796 -416 -2587 4920 -1154 -2467 
-3857 -2569 -973 -4061 -4987 -1958 1087 -716 -1033 381 
-4246 4149 2797 -4407 -2276 -3875 4315 -1389 2405 -1233 
1155 4611 -2516 -1661 427 1384 -3531 1484 -4256 -3189 
4872 -2346 219 -3887 1248 4270 579 389 -2831 -2041 
-3469 -779 2014 4282 -98 -3269 826 3341 624 -2113 
2029 -4361 2231 410 -3351 -1933 -990 -3666 -4178 1459 
-4040 -3147 -2838 -2104 -3251 1304 629 -1713 -3936 -2238 
-2787 -2371 4168 3763 -1059 -3682 -416 -264 -477 618 
-1648 2571 2594 -742 -1169 4055 -971 -2103 822 1616 
-4795 3806 598 -1600 -4451 -278 3373 -2796 -4469 2173 
3717 2681 -918 1821 3325 2321 -2978 -1318 -3540 -3814 
3440 -3797 3715 513 -2325 -1219 -3870 -4558 4198 62 
3966 -4428 -4989 -3387 818 -3213 518 932 -653 -1923 
282 -4400 4408 4114 -3167 3169 1530 -3963 1019 -875 
4841 -360 2857 2985 -2065 -2073 -4878 -69 1769 2612 
4085 362 2626 2147 -1168 3455 -1454 1030 -3392 -496 
-3832 -3444 714 2033 -2989 245 1338 -1058 1320 4425 
1658 -4648 431 2874 -2362 4028 1086 1095 1517 1146 
-2454 1123 1274 307 -4005 -4651 4531 4468 1568 4897 
4546 -1949 -3053 -4665 4163 424 -3746 -1526 -1411 -642 
-3154 1524 -1596 -2838 1398 -4888 -4466 1499 1015 -872 
-587 -2574 -3345 2984 700 3284 2112 3091 -1290 813 
131 -4164 -3661 -3400 4268 2711 1164 -3716 4864 2650 
2465 3737 36 2510 4993 1540 -2697 -2438 2186 -2257 
-3885 2274 -4366 -740 288 -3349 -347 -2685 -438 2275 
-3297 -862 1412 3279 2956 2581 -4900 -187 -706 3382 
4193 -1397 -3568 -1194 3362 -145 -1639 333 2937 -4888 
-2718 -4721 3625 2541 203 3696 1027 -203 3307 3369 
-2529 942 2583 -4582 -3255 3106 -3355 2530 1418 599 
2097 -3490 -1943 -1386 4608 1470 -159 -2833 -285 -4658 
1717 4634 -3298 -4268 -4207 3073 2954 -3963 -1614 -692 
-809 -4019 -4487 -4499 1926 -1650 2700 414 -1386 -4072 
4046 4631 1853 1483 1665 1412 698 505 4104 2582 
1769 463 -479 -551 -4090 -1867 3715 -2922 1381 -4620 
1573 -1478 -47 -1833 2208 4119 1812 3190 1701 -3255 
1351 -3105 -3951 1531 -4886 -4859 -4544 -2293 -3706 -674 
3024 2604 3201 -457 -3608 -677 2722 -1077 3496 -3868 
2789 3540 3954 -11 -3871 2049 3850 -3901 -4712 3448 
4171 -4372 -2001 1422 2106 -3475 1631 -1883 1262 1893 
-1893 4293 -3216 -663 1428 2991 -2401 -1223 -4391 -819 
-2681 -893 -2318 4430 -4173 -1753 606 -2847 -2719 3579 
4140 3663 -3610 4272 -409 -4322 1905 -2332 -4570 -3469 
-2156 345 2435 -4664 -2816 4949 -4631 2238 1504 3244 
2628 -2604 3449 476 3604 -2551 -2816 4279 -1374 -2353 
2652 1526 4422 -3375 2638 4635 3976 3238 -3249 -1384 
-731 3062 -3575 1422 -1004 3628 -4504 4441 -1782 -259 
4466 -4326 -277 -536 -4844 309 -4238 -2514 -2289 -19 
547 -2124 -3804 4972 927 -2777 -1412 -409 2423 4015 
-2581 3088 -2587 -4121 -379 4398 1559 -3317 1841 -1589 
3597 3443 -2995 -2835 -4810 3152 -974 -1257 1941 1525 
-1510 304 -2614 1288 1920 85 4414 4760 -393 -470 
3023 -3600 -3699 -2362 -2675 -291 -256 528 84 -3347 
-350 293 -597 617 -3431 3564 2444 869 491 4283 
358 -731 -2472 -4422 -3025 -2958 -2856 -2440 -83 3405 
-4777 2990 4519 -2110 -3667 -2815 3511 4769 -3965 284 
-1421 -4134 2899 3581 -4964 -3209 303 -2834 23 734 
-2779 2727 -3733 4214 -1934 -1886 -2199 -2134 -268 -3536 
-1566 45 4660 -3974 -1994 621 996 3945 -3559 -4934 
-2571 586 1707 4057 -3891 2909 1400 212 -3257 2253 
4349 4436 1274 -4523 -4644 882 1967 -2256 706 2202 
-3603 1458 2471 -4639 1303 -4395 -3067 -3096 -2919 -1497 
-1908 -4367 1487 338 -746 66 4343 -2565 -169 3992 
-3113 -3216 -1337 -3394 4178 -468 -4109 4814 791 -3092 
-1120 359 -3910 4503 -3966 3824 1000 3449 2636 3692 
-843 -2959 -824 2526 -3464 2124 586 -1554 4281 -2543 
-1296 3965 -4103 -2065 -371 -715 -3693 4723 1030 2581 
-4206 -1665 3404 2828 -620 3159 -3668 -4605 3757 -2275 
1571 2576 3406 -2496 -859 56 -3240 512 -1504 85 
2076 3334 -4868 4216 1396 4866 3495 -3615 1351 948 
3742 -3763 -4839 1199 478 -3569 1841 3354 380 3826 
3744 281 -223 -211 -1745 4508 -3829 -904 -3961 -3481 
-176 -1186 -4506 -4510 -2268 -4604 -3135 417 1628 -775 
773 -3530 -4269 -66 -1533 -1643 -1346 -3528 -4868 -1687 
-4372 3892 -2408 485 -3280 1738 973 -34 2721 -3995 
-2050 -2393 4833 338 2850 -4516 -1683 1943 -3449 -588 
3285 3766 2118 2385 1901 545 520 4649 1603 1824 
1450 -374 3794 1393 -3907 -4151 -1322 -528 -3390 -1380 
-2784 -1832 -4236 -1239 3373 -5000 -2539 -594 -4254 -1751 
-3906 3123 4538 3375 -3759 -2915 -3036 -4034 -2479 -3100 
-1882 -2929 -3691 -3817 2567 387 -264 4174 -180 -4089 
-3707 816 -415 -472 1377 3110 3178 -3911 -2967 4479 
4842 -1965 2526 4806 -2349 -3939 -3762 -2670 -3937 -2116 
2597 76 2112 -1332 -4236 2470 -3325 1487 3168 -1366 
-566 -3082 4462 -272 -1511 -482 1918 -4236 1569 -4003 
1509 -4777 -3604 -3955 -1888 -1371 -1064 7 2357 -4520 
1384 -988 4108 -565 2614 -2288 4719 4113 4046 -1968 
734 2694 -841 -2539 -2202 -1402 1331 1362 -4094 3821 
-710 4523 -3086 -2705 1009 2510 -725 3513 -4639 -4730 
-2913 1191 -1691 3085 -3729 -1625 1011 -4526 -2450 -4274 
4111 -4548 -1832 -2038 -4243 2686 -2637 1800 -2986 -3461 
4325 -4713 3900 -1125 -186 877 -3055 -3009 2135 -2408 
-987 -3455 -3773 -4745 3727 -672 1301 -2182 -3426 -4901 
250 1367 -4961 -869 -791 3567 -3358 2374 -768 1008 
3177 -2447 -448 2924 849 902 2859 -2710 -4956 -1001 
4205 2684 4333 -4063 -3878 2992 -1203 3524 38 2363 
3694 -2862 2123 -3149 -3497 1014 -3786 2315 -3953 952 
-4446 725 -3803 3470 -3574 -1293 -2065 2628 3705 2382 
3809 -2625 -4540 2587 -1887 -4274 4730 859 -2119 -4750 
3019 3057 3580 -3216 -2521 3594 -3091 1301 -1528 3464 
-3908 249 -3741 3823 3954 -3929 -3285 -4476 3615 -4820 
1623 -4094 -1214 1982 2804 -2449 -2199 63 2254 -4626 
2377 4034 475 2934 864 -3363 -520 -1388 3401 -3249 
-2264 -1748 1249 -492 122 3238 -4168 -3529 -3653 3783 
3161 -137 893 -2324 1485 -4595 -2698 -194 428 -2259 
4971 -4109 4118 4267 -3202 1473 -4702 -3296 -3707 4521 
-2603 -387 -82 -2863 -3355 2607 -1840 4738 4414 -1500 
-4589 4803 -267 2620 -893 2038 -2309 -4908 -3055 2498 
-1852 4959 -3061 -2640 -792 -2474 -1156 138 682 -1134 
-2297 1233 743 3158 -2144 4254 -3007 -4702 3004 -309 
-675 -4682 1994 4658 -2854 4036 -2830 6 -3612 2906 
4957 -3710 3767 -4674 -3404 4799 -1977 -2518 2094 4073 
-225 -2054 -1499 -204 -2135 1683 1320 -1509 -642 -3721 
-4938 -471 -3842 38 41 3100 3265 -2361 -703 -2874 
831 -4425 -2349 2758 -3090 -2911 -3679 -1178 -3094 3296 
4491 -2362 -614 -4895 -441 -4214 849 -3957 2541 2415 
-3007 -1117 822 -3180 -3529 -2132 -4041 -905 -3389 524 
3016 -2691 3014 -219 2106 -4539 -2143 3137 -1593 -4353 
-4597 -4849 908 -55 -3021 4446 -3243 -4085 -3945 2583 
-392 -2188 1669 -4447 -987 -4108 1632 -497 -4148 828 
3590 -1732 863 1762 -3569 4297 4026 -55 -3528 -3466 
-2608 1553 2864 4256 -4088 -1749 -3166 4714 360 4191 
4117 -4097 1376 -4319 4113 1670 -4486 -2254 675 -3337 
-2784 -1533 -2574 2782 4223 -4401 -2221 622 1579 2665 
506 2215 1124 -1580 4610 -4390 -4537 4562 2191 -3476 
2871 2991 -3902 -70 2557 -3762 -900 -2739 2909 -4860 
-4794 4862 -2756 -4140 -767 -1077 -4977 -4309 3562 4042 
-2906 2061 2832 -243 761 -1808 1929 2470 -4783 103 
4801 3437 106 -2479 101 4081 3095 -1084 4831 -3012 
-1833 -797 1731 -4903 2823 3304 777 -3814 -1496 46 
-2053 -1899 -2942 -4210 -1326 1679 777 1180 3149 -884 
-2241 2547 2610 885 -3270 3055 2967 -3973 4327 -3175 
-3678 155 3263 -3336 2096 2163 -4999 -4155 -2124 3172 
449 -496 -2320 136 3192 3490 1144 -394 3419 -2238 
-2971 851 -4632 -1220 376 -1061 -354 3231 -2496 2769 
-2716 -4938 2013 -3757 -3747 1545 3045 -2590 -1013 4981 
-3000 1424 -2814 2201 -65 1275 -1394 2946 2938 -4663 
-216 1146 4906 4004 -2748 -628 -3716 -4920 -2626 -3781 
-1977 4026 2695 707 -2840 -3396 -4262 1776 3900 2142 
-2012 -4114 2509 -2873 1123 -2591 3393 -4635 -3890 -3306 
-2592 2545 -1258 2906 3012 -4074 -3220 2409 -4667 -3037 
-3789 -3143 342 -3921 2678 -1015 2138 -3 861 -2956 
4412 -240 -1700 1258 -1651 3873 2445 1696 -4530 -4418 
2672 2023 -2511 2309 2479 -853 -2613 -2238 1479 -3107 
413 -1419 2996 1747 -989 3464 -949 -4594 -2020 2591 
-3154 -4596 -1396 3616 -3012 1936 814 -2875 183 2767 
622 3360 -2278 1595 -3226 -4114 -3509 -123 -2729 -1089 
-3123 -3425 -470 -362 649 -1376 -2681 1740 -3906 3627 
-4697 2425 -3306 514 -3531 -843 -3029 -3721 -374 -244 
-1622 84 -3495 -4383 -682 -4404 -4329 3636 1281 -367 
1711 -2970 -2873 3350 -4186 -1060 -133 2520 58 -2509 
-3291 4825 -4624 484 -516 -3907 -4961 1784 3633 3561 
1319 4813 -2852 -216 -3258 -4167 748 -2112 -4756 -3906 
1737 4085 -2579 3567 3307 -596 1975 -4526 -2576 4067 
-2012 -4442 -966 1087 3522 -3145 4840 4229 4546 -1008 
2055 -4963 318 1681 -2841 2532 1998 -1487 -542 -2911 
-1092 -1563 -2245 3434 -1849 993 -1036 -2168 4149 94 
3411 2265 -3859 2877 -171 -3516 -1516 -965 -4302 1538 
3957 -1770 -1292 3947 -3834 -4545 -4845 1822 1673 -816 
2594 2726 -4799 -3984 -224 1785 -3610 -4427 1799 3714 
-4710 -3399 2921 3410 -4484 800 -1684 -2926 1357 4696 
2771 -1460 -3486 -3726 2528 -2789 761 3104 2886 2288 
3903 -1136 -1308 -3690 545 520 4319 -2232 -2174 -3710 
-3554 -4190 -3764 -4870 2668 -3370 -1382 -4459 3417 -2944 
-1642 613 -4382 283 1423 -1845 3843 -4571 3885 -996 
954 -4144 24 -2106 -1250 1339 -1819 -652 -4320 -1615 
722 4225 4464 400 -4283 -1238 1603 2189 -3313 3271 
2675 918 823 3739 1576 183 2165 -2839 -4554 2257 
-2325 -598 -2265 56 3947 2108 -2070 2220 4773 1773 
-229 3467 1007 409 -2890 4676 -725 -2016 294 4879 
-4765 2252 1635 4060 -328 -1567 1292 4489 -1813 373 
-2944 -3273 -613 722 -2317 2479 -2751 -1638 3855 -4655 
-3431 1707 4745 2910 -1118 2435 -2970 -4953 3110 -379 
4318 -4908 2974 3468 4464 1098 -752 3696 -4042 -489 
-2325 -4105 -215 -2913 1397 4030 3032 -915 -1454 -2697 
6 -910 4936 -2299 2066 2209 -3951 1686 4874 -2865 
-1456 -1023 -4670 4357 119 -1072 -4974 -1368 3481 399 
2846 2698 3084 2854 -22 1874 -1567 -4973 2093 -4102 
2422 -2164 629 -4489 -3637 4020 2044 -4770 2949 -4965 
4378 -4219 -752 4923 -1701 -1272 -1608 -2800 -3119 -290 
-1351 -409 -2995 -1205 2837 -1365 -4630 2230 -4122 -3172 
3723 -2691 -2267 -111 -1401 -4120 2458 -4273 1 364 
-4011 378 -2723 2274 4013 2043 -4033 -2905 -1753 -4893 
-2250 3828 1689 -272 -438 -4624 4095 4413 -3838 -411 
-1299 2719 -2679 2240 3766 4413 -3519 685 -51 -3633 
-2664 -2861 -4149 -598 -533 2652 -3248 -3206 4392 2248 
-1123 4962 -4952 -302 -3647 1137 -579 -4381 -1710 2389 
-1592 -3707 -3010 -444 -1633 747 -381 -3848 -3459 -369 
-2084 1355 -4006 -389 -819 4820 3772 3869 3729 272 
-4290 -4027 3745 1173 -2416 -1984 2584 -1214 4335 -4470 
2821 3019 1702 -560 -1279 -4556 2885 2948 354 876 
-334 1636 -3905 748 3997 -1492 -3100 367 -2823 2091 
-904 3748 -169 -3276 -3251 -1902 -604 -4073 4376 3357 
-2937 -3281 3826 550 -1276 -196 -1314 2055 -2556 4564 
-2996 -2930 1976 -3467 1037 -759 4379 3551 3128 -4732 
-872 -4528 2124 -2401 2749 -2513 -1177 -3340 -1314 4253 
3607 -3673 -787 857 4479 -2513 152 -2621 -2132 4004 
1923 4147 -2360 -4679 -3480 -2789 -49 4475 -3748 -1638 
1793 -1926 3236 1379 1671 -2087 -4537 -3155 2408 -1199 
-2186 1340 -2722 427 -2599 -4784 -4379 125 2524 4140 
4068 -2221 -3253 -2455 3536 -1070 3273 -3604 -371 -2342 
4807 -3370 4486 2826 34 859 -2753 -2887 3358 1750 
3144 -2510 -1166 3674 277 4718 4324 -101 668 3017 
375 -4258 -2561 2814 1186 -2721 -2534 -2236 835 -4590 
-2481 1245 244 4876 -160 4588 -3012 -3054 717 -4969 
1289 -3550 -1825 3950 3500 -4735 -2924 -4325 -4010 612 
700 4506 -366 -173 4322 2107 -3246 4859 3712 -2827 
-1425 -4588 652 1261 -1157 -318 -2009 2215 4025 -881 
-3703 -2788 2960 793 -3851 430 4956 -3433 34 -56 
-3819 354 -3396 1193 -4076 -2286 2344 -2862 1043 -4297 
-4712 -931 4484 -2151 3950 -3327 197 -1230 -493 -4412 
2466 -3926 -1142 2768 -4613 -2541 -2783 -4263 -3960 -1050 
3864 3277 299 493 -4762 3469 -3739 -4525 -4680 1260 
491 -4711 3946 3621 3482 619 1915 -4446 4441 -2846 
-2468 -2694 -2210 -4277 90 3754 3363 4728 4732 1400 
2058 4069 1167 4372 -4017 -4771 -576 -2785 -4339 -4370 
1113 -3072 3780 -3605 2944 -747 186 -4703 2476 1687 
2255 -1780 106 4834 3477 -4806 -4897 -3133 4991 944 
-914 -4494 -3063 1724 -3108 1026 4185 4363 -3741 -2361 
4997 4379 -1756 2311 -1563 -1532 1504 -1820 -1094 -4557 
3145 -4807 -2368 2647 -2156 -4413 1631 -4705 3058 674 
4456 51 -3361 -2832 -2930 -3533 -1654 3985 4706 -2243 
-1193 2668 -2396 -93 3121 -2551 -233 2715 3124 -3589 
-4651 -3399 1018 1904 -2126 -518 4563 3542 4053 -1182 
-3461 -3312 948 1593 -281 986 3008 -3470 3488 -4135 
2353 -4660 -2829 -3209 -3485 -4852 1736 -2979 -847 -1286 
34 -1791 -2320 -4773 -618 1219 3600 607 -4417 -1837 
-3298 540 3249 -1707 -4723 2411 -2307 887 4999 -2335 
-139 3922 -1985 -1823 -879 2751 -1080 -1585 2432 3116 
-1477 -3896 435 3327 -4539 2529 -4426 -1749 3199 -2035 
4960 -4527 771 -3853 -2290 -3720 3259 479 -1333 3519 
219 -1768 2898 -4413 3122 -2606 -2233 4317 -3827 -4459 
4211 -4771 350 -4339 -3202 3613 715 627 354 2751 
3913 1868 -1746 -248 -3926 -3919 -4904 3313 4021 -1697 
3943 2092 2773 2415 383 -2604 -4812 -3048 -1650 -3720 
4858 1572 -1577 4729 416 2689 333 866 2394 1929 
1298 -3656 -4779 -76 -3008 -3695 2125 4460 -4296 2234 
3 -479 -902 -1932 3692 2542 -4780 4366 -3267 -3588 
1454 -2775 181 2469 1541 3160 588 860 -1786 3446 
3611 4219 -3362 829 988 877 -3025 4228 -1868 -2611 
2182 3288 -3043 607 -1557 -3297 -1831 158 -1799 2313 
-877 2629 -4674 1223 -2952 -1055 -4843 3937 -2265 -3322 
1890 3506 -2827 2802 4190 2647 -2684 -2001 -2796 -1896 
229 -2579 2298 -4170 -1589 -4673 564 -1258 -3374 -1211 
-299 2764 1504 3594 -1976 -3860 -4405 927 447 652 
4811 -521 -1223 -4082 49 -3340 -343 109 -3608 -1534 
-3516 -922 -1286 -3677 -3828 4922 -3258 -4181 -2757 -1280 
-4655 -4356 753 -880 -901 -2635 -1966 -3603 -956 2022 
-758 1538 -4689 -1336 563 -2351 -1099 -469 -3368 1704 
941 3983 -3174 3782 3578 2310 -2653 1964 2102 -2950 
-999 -2266 -1394 2684 -794 4956 4909 -2403 885 -3628 
-1379 -4944 -1505 -3301 1579 -2465 4903 2852 -2677 3293 
-4477 -3904 2541 1852 -3795 -4593 1742 -1648 648 -1467 
-2047 -3180 3398 -3168 4847 -4453 3561 -4279 -1987 -4758 
-1927 -2999 -3058 4836 4742 -818 968 -1611 959 -4993 
-4165 -2652 -2606 -4484 -4993 -2254 -364 2633 4285 -1672 
-2909 3612 -4463 -4239 3962 -3611 1134 -3677 -2555 1502 
-1965 -380 -170 -4221 1853 2618 2407 3908 1373 -2573 
3857 4153 1883 4774 -4340 677 1003 1866 872 -2067 
1983 -1898 4508 -1941 -2291 105 189 -2194 -4701 4619 
4065 -4668 -4856 -4349 659 -2613 -2940 -3894 3802 -2331 
-462 3679 2998 -2486 -155 -2131 -1141 4162 3738 -1686 
-3135 -2429 -4691 2754 4154 -4329 2334 -1084 -1386 -4798 
3796 -4582 4516 -3421 -4414 -4449 -1734 1369 -1270 4988 
-4714 -4264 -16 3475 -3482 1643 3792 912 645 -2340 
-3037 -4276 1607 3298 -3875 1044 4103 -3413 586 1322 
-1026 4794 11 -3238 -2217 322 3388 2672 -2607 -12 
-4504 -4600 2181 4181 3310 1509 4056 4116 1957 1863 
-205 -1430 510 -1673 -4943 659 1530 -3516 -2455 3884 
-3044 4819 -4723 2750 -209 4834 2434 746 -4117 2126 
-4015 -700 1844 2694 3853 4789 -4876 -4689 -4314 764 
-501 665 -2563 -3835 1988 -1278 -4087 3453 -2759 -966 
-1671 -4715 -759 -3033 4731 4565 3145 -4966 2157 -558 
-743 -4303 -3742 -3614 3032 -1330 -2441 1216 2651 2472 
4054 -1556 1274 944 -4645 -2875 2315 -3193 -2859 2041 
-1324 2334 -113 -4084 3019 -1842 4352 3991 4240 4746 
-1473 -1821 1933 -303 -3605 -3418 -2596 -2888 -1557 -2707 
-1878 1720 2241 571 -3701 -1693 -620 -2767 -4274 845 
446 -4961 3714 -2455 771 9 2713 -2847 1587 -4195 
-292 -2198 -4526 -4940 -1585 -1193 -3914 1783 1303 -4515 
-1536 -4043 -2919 -3689 -2401 3282 -3948 -2422 -1231 754 
-238 -836 732 -3450 1627 3969 -2580 4741 -2245 2774 
-1843 3039 3109 -2750 4812 -3330 -712 -2231 -3479 -3394 
-4767 -3997 3008 -4145 1152 -2131 3448 -3495 3407 2798 
-4870 -4481 -255 2924 -2826 6 -1384 -1569 -4141 1928 
3658 3911 4519 2516 -3372 -4646 -4826 -4071 143 4161 
4861 4995 3858 1795 -2959 -796 -264 3618 -2621 -3273 
932 1685 -2041 -463 -158 1653 3222 4328 3344 1436 
2769 -4743 -3523 586 2630 4853 3216 826 -4152 3164 
-4580 3925 2538 -3619 -1229 742 652 -3301 -1688 -4690 
-4279 388 -4646 1176 3568 3759 1998 -593 -4478 2228 
-4133 -66 4411 1361 1116 -2647 -2347 3385 4450 4363 
4009 -1121 -2664 3071 -3048 -3244 -3205 -2830 1817 -4627 
-2631 -4167 -1997 -3975 -1367 2959 -3843 -4526 -1300 -3086 
-541 -2559 -1294 -4369 4940 -4025 4720 -102 4555 -1991 
-3936 -2429 3651 -1781 1418 438 4238 2065 3378 4625 
-1905 -334 1778 3675 3558 -2338 4121 2403 3349 -623 
-1484 3894 -2543 -808 -4228 3910 859 -4988 512 -3257 
-4033 2413 1796 -3189 -580 -4568 -3494 -2303 2037 348 
3665 330 4936 -3039 -4117 1852 4925 -2422 -3437 -1446 
1281 3109 558 1204 -4860 -3967 3441 -3398 3791 -977 
-2204 935 -2902 3004 1238 428 -1683 3246 4753 4890 
2261 -2100 -274 -3740 -4326 -3485 2876 4517 3375 1846 
1470 750 -4951 646 -2749 -4702 -365 2003 2250 3061 
3249 -4031 3652 -574 -3644 -4482 -788 4908 2462 -2045 
-3915 -648 -2746 -726 -3900 -1927 -2306 -3313 -3506 3116 
-2781 3097 2978 -3531 -667 -1093 -1206 2697 -3192 4934 
-338 3550 -1671 2914 -4295 -768 -4651 -1587 4704 1493 
-905 -1198 3745 -3213 -832 45 3176 3408 -2660 1550 
-3448 -2534 2434 -3316 -616 -4823 1164 -547 4235 2754 
-3207 -1853 2837 4781 -3985 2633 -2341 201 -1740 -530 
3626 -2130 -4961 2433 -2950 2963 -2181 -3186 -652 -3647 
-4996 -2953 -2126 2984 -2428 -1017 4215 -4447 2696 -1517 
-2369 -2349 2927 4290 3095 -1782 -1589 -2993 -3472 -4987 
-293 1964 -3952 -3522 3311 1832 -4134 -3520 -4402 2740 
-2833 2980 -1035 -3469 4133 -3156 4385 -4303 -4841 2724 
3967 -3162 4653 -4826 2817 1498 1453 1773 2740 859 
-126 -3588 -1424 188 44 -2097 -1792 -1535 -2168 4306 
-4670 -3528 578 -2495 2625 -4774 -3224 -4336 3361 2483 
4064 3804 138 -4467 -4019 -1295 2809 -3836 -4146 -194 
-4189 -4650 3032 1046 2492 -4999 -3227 -2520 216 129 
2205 3473 4111 4914 -1244 -2800 1734 1299 563 -4949 
-3509 4324 2475 2352 -4047 4689 2840 -1074 -4787 4007 
1171 -4107 -4912 1815 -2582 91 -4953 -2791 2628 -3007 
-3361 -2430 -2289 3845 -4995 1529 -4963 -2519 2701 -745 
3567 4516 -2728 4461 1632 -4392 4044 -2630 2533 4884 
-617 3468 -798 -4406 387 4535 529 323 -3127 -284 
3696 210 2671 636 -2536 -1881 -4653 -1962 -315 2981 
1517 2077 -2829 869 -4832 -2843 4165 -1668 2162 1279 
-1556 -4309 -2131 -453 -4090 -1850 -3356 1357 4868 1351 
-967 3684 4689 1811 -4146 -649 -3184 4589 -1557 -48 
-107 3082 -704 -3683 535 -3483 1147 4933 -4828 -3804 
412 -4007 -3803 -1173 -2505 -4501 -284 2015 -1622 3074 
-3748 -4387 -368 2990 2783 3996 4389 -1622 2733 -2847 
1867 1040 -220 -1919 2268 -1295 -3869 -3300 4913 4100 
3908 -376 -446 -1505 3033 -932 -1713 -1628 3206 4862 
-3697 -2114 2111 -3313 -4490 -3620 4851 2645 3292 -211 
-2807 -2999 3628 3325 394 3027 1787 -1089 -4720 -510 
-2326 4763 -675 -48 -2836 -4054 1199 -3210 -2692 -2064 
-4109 3580 -4823 -1368 -3417 -93 -525 -218 -3612 -2681 
-1765 3065 -4516 3695 4310 -1840 -288 3878 4323 2943 
4309 1327 -627 -254 1768 -3963 1474 -2623 1792 737 
-2411 -3948 -3021 4271 417 -2743 -1813 -1021 -1393 -1548 
3658 -2136 -2758 -3210 -1028 -3143 2161 -3151 -1827 4116 
-1300 -3014 91 3179 1459 -1568 -3188 4877 300 -771 
915 -3051 899 75 -161 -511 -2978 4184 -4012 -4026 
-4046 -1331 3246 2273 3456 -277 -3197 1713 2468 2791 
-2391 899 4400 1864 -1655 -82 1348 3998 4194 -1775 
-655 -187 3520 -2934 3278 -4390 -2466 1001 -2118 3406 
1289 259 3299 2201 -4729 523 -4857 801 4201 -914 
-3512 2106 4013 -4931 -2283 -4192 -4665 -1823 -4808 -4893 
-4960 -2950 -566 3154 2335 -4440 -3267 4828 56 -2978 
3771 4626 2546 4036 -533 -2623 2942 1804 149 -4705 
4164 -2905 -250 -2524 1376 -2247 2837 4459 -4899 1258 
-1050 1448 -1520 1534 -3489 -3156 -3831 -264 2010 -4617 
1557 -2246 -4949 -3347 -2312 -2128 -3518 -1987 -2535 1758 
-254 -3042 3006 4998 3747 4298 2314 -1777 1830 2560 
532 1458 3480 -3500 2266 2775 -1128 4186 -1163 2496 
1355 1491 -4114 -156 -2800 -4297 -3742 2399 -4896 -2748 
1442 -1993 4792 3109 3118 -3422 -4054 -2697 -3629 -2265 
-3647 -2200 -477 -2254 2212 4768 1076 -3380 -2836 -2411 
3003 -422 -4247 2857 3818 -3612 818 935 2808 1081 
-2404 -1809 4400 1857 1262 1245 4669 -3245 -3614 2241 
-4444 3993 -1283 -4726 -3950 3616 -989 -988 4824 -4636 
-4539 2404 4644 -452 460 -4255 -4174 -4766 -2837 -4922 
-2030 -4250 3264 3253 -1668 -3405 -2517 1806 3906 513 
-2766 -2416 -1196 -3315 -1948 -3585 170 934 4780 3015 
4813 -3943 4649 3088 4743 3808 1164 1906 3773 -2090 
-1231 -3429 -4311 2766 -3694 3119 -3379 4724 -4792 -1201 
4853 -4332 -3997 3901 3676 4715 -3092 -4401 4178 1627 
-3607 -2878 -3492 1122 737 -2960 3132 -644 3361 -3115 
1987 2392 -98 -4273 -2316 2393 3499 -508 2347 2430 
237 1945 -2386 -4364 637 -1056 -4269 667 4654 4609 
1986 3222 -3311 4396 -2164 503 389 -2003 188 3258 
-4254 4481 -3812 1408 3336 265 -1012 2191 -2413 -4899 
-4481 -4888 -3742 -4397 70 -3334 584 -4672 1921 -3659 
-1454 4333 2514 -3919 -4453 4462 -3579 -3872 -2915 -4593 
4062 945 -1480 -4945 97 -1402 -1960 2546 711 2553 
4513 930 -4160 -4310 -2386 3238 -3820 -4932 -3204 1157 
-3874 -1711 960 1372 -3701 3395 -1184 -4801 -1489 -4699 
-2272 -2179 1754 -4855 619 -2777 521 2355 -4667 -430 
1743 -531 31 1754 4406 2460 -1765 1257 3216 -4477 
1728 25 1923 1207 2160 -4106 3349 3956 1080 -1720 
2819 -1618 3271 3967 -4728 4185 -4749 -2144 2269 4749 
3353 1280 -2948 1764 3091 -3858 2009 1238 4399 -2059 
-3773 -4456 1037 2081 -185 -2688 -775 -3453 -4714 -3380 
-1574 3632 4984 3875 858 -2785 -1759 4763 -3944 4850 
1539 2605 -3574 3956 -620 3863 4150 -1851 -862 1520 
275 4514 3572 2705 4651 1272 4466 2498 2660 1081 
-2952 -4157 -1552 2208 -2425 2268 1681 -4430 -708 870 
-3519 2663 -3003 3660 2929 -3177 -2447 -2516 2400 -4376 
3208 2019 -4849 -1465 -309 184 4002 -2972 3005 1879 
-215 1891 -4190 -1087 4704 -4016 2855 3265 356 4451 
370 4867 407 1236 -4069 400 -2570 977 939 -4515 
-1463 4670 -4205 -3803 3434 -2260 -3199 3987 3722 -2963 
1183 -219 -1424 1543 365 -4050 -509 3495 1712 3019 
-1685 3912 3962 3640 1522 1540 3627 -1005 -1455 -2311 
-552 785 4760 -2048 -1828 2895 -882 -2726 429 2956 
2714 1084 2752 -3018 -3407 4477 47 -4558 -623 3230 
3034 -336 413 4185 1404 750 -3286 -1668 3999 -2405 
-4455 -2664 -926 -3633 -3529 853 -4230 4010 -383 -311 
-3353 1530 1388 1673 2857 -991 2051 -4689 -798 3173 
-3102 3004 4334 -4982 1091 1839 -960 1517 1607 -2601 
3422 -1966 -2712 3238 -3647 3585 3340 -1914 3718 -420 
1932 -3360 376 -3019 3350 -437 801 2301 2752 530 
-3442 -2240 -1138 -1110 -4413 2879 -2859 1922 -705 -371 
3329 -4453 -335 -337 -3948 3354 -4405 -3378 3776 2619 
-3162 1631 2647 -40 1543 -587 -751 4843 -1648 2516 
4382 -3199 314 -3815 -4724 -2017 3697 3497 3243 -4183 
-4864 4375 511 2304 2959 -2790 3702 4748 -38 -274 
-2309 2907 1348 -1367 4538 -1111 -3844 1761 -4300 3088 
1439 -2707 2213 -4575 3054 -4503 421 1172 -271 -898 
-804 -4915 2843 -4895 522 2064 464 -1541 1686 197 
3157 2745 964 3967 3159 3812 4428 -2694 -2001 2563 
-1943 899 -1548 3488 4943 -419 -3166 -1655 -2687 4833 
1674 2840 -2846 3157 2009 4005 -3302 -832 3501 -3430 
2107 4349 -3339 1127 3749 1838 -2120 1303 2566 963 
-295 -2350 3174 -4100 -3590 1637 -1917 2619 -1905 207 
-2296 -867 -12 -4626 -77 -3590 -2767 -1143 -585 4522 
316 -545 4959 3723 800 -2384 -604 817 -4722 -2774 
-3983 1325 -1087 -3241 -3356 2274 4790 4260 -2200 2531 
-4485 -603 -2383 -4736 -713 1048 -2872 3091 -2501 279 
-520 -2714 4392 -2990 -2952 -2216 913 -1140 -1702 -1008 
2049 -3084 -269 -3808 2112 1384 2795 -3075 2770 325 
-2921 1950 -3375 -2942 742 -1788 -4420 653 -3719 -3911 
4032 4486 -2489 -2356 2294 -2725 3071 -2133 1181 3267 
-3185 -4526 4586 2159 -3452 3539 3564 -3074 227 3318 
-1851 784 2328 -3548 -506 -2834 -3891 -4322 -4358 -3033 
14 -4300 4135 4990 -2678 -430 1360 -1422 -4388 -51 
3566 -2386 42 2095 3439 1186 1662 -4017 848 -3919 
740 3173 -3273 -2498 -461 -4820 2740 2064 3183 -2535 
-3430 -787 -3922 -373 -4344 -3562 -1302 -4701 317 -2609 
-3162 182 -3893 -2957 4581 -4448 -1141 -3019 -153 780 
4849 4378 3173 -767 161 -139 -177 2991 -1710 -1374 
164 -3909 -3773 -1401 -2654 -2554 -245 -1992 3999 -1915 
2053 -2293 -425 -3411 4620 -1541 -4234 2493 787 -3792 
2072 -1871 -2999 -4289 -3201 -4733 -1894 926 -586 -620 
-1383 -2373 -476 -4900 -3363 2782 -3726 -1089 905 -4453 
3248 2209 -847 1660 3461 -2630 -1766 -4561 -2330 3357 
-2207 1980 585 -2666 2047 4042 -2070 -3934 -1157 210 
2430 -4284 2272 -2861 -298 1829 1216 3096 -1258 -4357 
4121 1127 -2025 -4258 -3336 1676 -3975 -4633 -612 -1147 
-1363 2377 3676 4927 3826 2340 -4725 -3839 1614 2983 
3114 1975 -192 3543 -4417 -1934 -3820 -2594 -4155 -4370 
214 2213 4964 -3740 -3254 2244 -1742 -4447 -4549 2521 
-3398 -3129 2979 2040 3628 3826 -2949 -2733 -4714 1694 
-1133 -2678 -1407 1399 -1324 -3724 958 -3088 2100 -4322 
563 152 -4262 2291 -2159 -3014 1330 -931 2840 4149 
-493 -3509 637 4332 3743 -4141 -1926 2206 3403 3642 
-3242 1399 -2256 -3054 4344 -1592 -2558 -2493 1350 3014 
-2353 -178 -2126 3951 -3447 -3043 -600 2178 4999 127 
-4831 3694 -4455 -3198 -3364 -2165 2715 1138 -3939 -2727 
1148 4866 -618 -2202 3967 -3720 4661 -620 3473 -4531 
-2514 1306 -2724 -1499 1675 -311 716 4700 -2095 1842 
-3007 -718 3541 -4826 -2892 -2375 -785 2350 -1283 668 
-3667 988 900 -1022 -1077 4546 -4170 -301 -4766 -2862 
-4582 266 1711 4021 3109 4172 -4443 -2448 4171 -4120 
-603 -2253 -3641 -3041 -3427 -1212 -979 3302 4606 -4324 
3774 1033 -2669 -1008 3931 -3037 4463 -4637 2062 908 
4214 3722 2581 2177 -1393 4528 -2928 -2454 -2728 4170 
2446 -3432 459 -1666 -2957 142 880 1184 -4932 -2719 
-3182 3981 -1354 -4621 4422 -3860 -1669 -1092 2857 2337 
-4338 -902 -1622 387 4922 -1109 4376 3489 -2938 3128 
-195 2625 1724 -827 3755 -3431 -4437 -4234 -2762 -4542 
3081 -4044 -4062 -4807 -1636 -3201 -2866 3735 75 2310 
-2958 4852 -1632 2790 2501 -2393 3681 2736 -2542 -2831 
2479 -3554 -2469 -4788 543 3510 -274 -1746 4408 -2673 
3351 -3310 1547 -2412 2599 1144 3930 4952 4692 -2165 
3026 4841 497 -2108 3418 -2313 -17 -4931 -943 -4858 
-2093 -2567 -4077 -1485 -3782 -3790 2557 -428 4891 -2445 
2033 -653 -3380 -824 -4228 -4917 2440 3730 614 -3949 
479 -1825 -2135 -3956 2782 2041 -2746 -2874 3920 -3859 
-4700 -3976 3557 -1024 -2966 -321 2403 3581 3775 -778 
-3686 1474 1168 135 3068 892 -2750 1521 -4515 -2321 
-3111 -3733 343 3707 1464 104 -1535 -2053 -3878 -1141 
-2895 -1056 4544 -1140 16 -3443 4187 -4229 -4291 -2732 
861 1733 4372 -2926 507 3494 -512 1798 4294 -2610 
-3234 551 -1733 -1674 4293 2599 4743 1380 963 4626 
3934 2733 -3511 -4724 -3186 75 -2726 538 1728 3647 
-3472 895 -2705 3785 -16 -2982 251 4246 -4241 -1698 
336 -488 1860 -4493 3459 -1252 -3505 -3301 -3491 -3895 
-1301 -4377 -2820 -3147 -4047 3386 1718 3500 2029 4110 
-4497 3955 1108 2838 -20 -3303 -2618 -428 2104 3775 
2529 -1204 -3304 426 -4810 -1463 2683 -457 3584 -4625 
-3772 3454 1713 -4384 10 -2422 1839 -958 -481 4840 
-4640 -3935 -4368 2829 930 2385 -131 3661 4111 295 
-3494 -3814 -3698 -4647 -2955 4538 -1044 -1534 425 -724 
-3651 -1093 -2590 -3828 -4946 4886 -3614 -4939 1885 -1075 
67 4438 -3876 -4741 2669 -4264 -3903 -3656 1338 3583 
-4511 -4117 -2903 -2321 -3953 4795 -2592 897 -4097 -3049 
1606 -763 -4720 -3209 -3008 -4518 -2919 -1758 3466 3245 
755 -1071 -1672 -4417 -3512 -1084 4205 3626 4714 2435 
1115 1700 2919 -2440 -2676 4405 -2341 4860 -2766 -1274 
4854 -1522 954 42 -4976 3275 4262 1714 2234 -1142 
-86 -3973 -4425 4168 -2841 -2102 -3604 1556 3799 -4292 
739 363 1048 3431 -1658 454 -3395 -923 3962 -4734 
17 -878 -4823 3137 -3603 -2205 -2843 3519 -1909 -4631 
-38 -4488 3132 2167 -2365 1736 -1000 3952 1872 3299 
-716 -2251 -3865 -954 2569 1598 -216 4221 322 -4570 
1941 4951 -91 3356 -3215 -3385 134 -4841 2952 4668 
777 -3943 1328 -2957 2023 376 -385 2411 -3054 3721 
2253 2633 1692 -3459 -1285 1085 -2235 897 276 -3115 
-1868 -4543 3811 -703 3416 1805 -1563 1895 -2433 -2482 
3376 3080 4198 3562 -364 -4878 -3006 -4074 4961 -3817 
-3553 3516 -2582 -4658 -3673 1598 -2935 1065 3845 -3799 
1698 -3465 -1574 4941 412 -4326 -2304 -2212 1133 -2437 
-4402 -415 -1979 -1203 2587 -2157 -2961 -2977 1654 -4886 
211 2262 -1931 -1870 559 43 4460 -2706 2856 2784 
-2399 1486 -3525 -3143 -4434 -2077 2280 -2103 3958 -734 
4722 570 940 -1208 1712 -3391 832 -2035 -3768 2849 
-3349 -276 -100 -929 1965 -4078 2645 -3514 4405 2421 
-4240 -740 -3519 -3561 2038 -2860 950 -533 -352 -3770 
-3166 3303 -3173 2396 -4800 4666 664 4990 -3827 3168 
455 -1696 -4167 3635 -2811 1482 -1057 3733 3491 -3816 
4904 3404 -3158 -2812 4748 2621 203 3969 -3589 1196 
-3092 153 540 2674 -3312 -1575 -2972 3920 -3675 1626 
-4567 4563 -972 -844 -2681 -2088 469 -3649 4931 1970 
-2078 -2678 1742 3850 -3140 2479 92 695 -2205 -4938 
3589 -2546 914 -1638 -52 2027 3017 -4199 -3426 -4639 
-4000 -1041 -1139 670 1816 4005 -4802 2947 -3244 -3018 
-4560 -3246 2376 2611 -3329 3928 737 -4201 -217 -2962 
4949 2669 4556 -853 -2852 1537 -3255 -2116 -3857 -1660 
-2808 3286 -2240 -2428 -3710 2954 -3542 -2949 599 155 
-1701 3127 -3360 -3923 2767 362 -2590 -2402 -4146 1491 
-3786 -103 -423 2941 -4344 -4568 3553 4038 -3956 -3062 
1401 -1150 -728 -4218 -3 2801 -4562 -3553 -3325 -1906 
-4920 -792 1504 3754 4281 -198 -610 1721 4257 -2925 
-1779 3115 -3103 2161 3976 -3443 4736 -736 -4999 -3327 
-2995 -3936 2976 -3189 -826 -3574 -2592 -3570 841 1892 
-502 -3001 4473 3572 4173 -185 -764 3505 318 3431 
-366 2832 4613 -2089 4464 -3106 -2855 -201 -4387 -919 
3293 -2230 4980 -1532 -4406 -3768 4764 -1878 -4993 2227 
461 -862 2503 -3540 3348 -572 2106 -4058 3032 -900 
1398 2299 1310 1900 2127 639 -3334 -3737 2468 -2686 
839 -117 -76 3801 2137 -2466 1761 -513 -2895 -739 
3045 -2360 1840 3745 -3422 4774 -2225 -2174 -274 -1248 
4015 -1328 4558 735 -2515 4032 1394 -3029 3608 -4620 
1106 1046 -2762 -2305 -4985 3223 -4237 -3177 61 -3751 
4300 -3508 1463 -667 3179 4839 3156 3070 2564 -3002 
3921 1307 -1585 4488 -2193 -3254 631 1076 -3866 -2669 
3282 1231 4761 -1461 370 4029 -548 -758 3804 1767 
2388 95 3190 -4210 4367 -4046 -506 4495 -3020 -4694 
1257 -2728 2971 -4112 354 -4854 4159 -4364 -813 4831 
-1933 -4177 -1200 -1795 -1548 2937 4530 4188 -2787 3211 
1018 2437 1184 -3641 -649 -1380 -2748 -169 -3543 2191 
570 1044 -3865 -1073 -2379 1224 -3698 4958 -55 -3387 
3098 -3575 306 2999 2858 -1895 504 4680 -2785 -2731 
-2494 1235 -4410 -3686 -3335 4283 4327 -2531 3614 -4724 
-676 -3488 -1937 -94 981 4339 -4458 794 2315 4573 
338 -2123 1044 -292 -4342 4164 -3960 1833 2559 -4656 
-1503 -2145 -3535 -1367 -248 -4483 661 -2366 3933 3082 
-4426 -4182 -3226 1753 -1398 -2882 1085 -1395 1334 -3779 
-4893 -2417 -4476 1533 -4023 621 -1677 1068 4049 -3995 
4032 -3431 -1120 -141 -2844 4404 -841 -4889 -2754 -1453 
-4510 -4470 -2285 -4105 -1231 1315 -2589 3503 -2299 3381 
990 -3349 -3491 4987 1766 2515 1281 -4937 502 1913 
-2290 -3658 419 2827 3140 -2856 4035 -466 -948 3727 
2108 1992 -3249 -2394 -1219 237 4227 3237 4722 4413 
-3642 -4190 2964 -2325 3472 -3111 -4128 -4176 2916 -4513 
3018 1345 2967 -4028 -2239 1423 -748 2903 -3212 4222 
-4672 -1522 3173 -4232 -4726 -4106 -2787 1714 -3884 -4264 
-384 1871 3016 -3171 -4589 -1436 -235 803 -4805 2061 
1737 -4624 -3609 1534 -4652 -1802 2641 -4741 2234 -4184 
-735 2348 3465 -4420 -13 507 -2645 769 2842 -4816 
-4706 -1101 4485 -337 3443 -1603 -2128 3344 2580 -2817 
3166 1888 1177 -768 -1930 22 1036 2661 -2277 73 
3068 1122 2241 -225 1295 -4112 -131 2441 -3044 -1904 
732 -2514 3272 -4241 -505 -60 -626 -3733 2357 -282 
-1308 2821 993 1571 -2132 -2953 2430 -2589 -1431 -2520 
-1016 1663 1475 2317 653 4353 -2692 -2333 684 -2134 
-3853 298 -2660 -861 -4391 1220 -1872 3222 4051 1678 
2265 -2626 -4465 -2546 -4035 -4260 -2822 -4626 3543 -3092 
1601 4344 -2593 4199 4215 1155 1900 2073 -4890 2124 
-3626 1446 1897 -4712 1585 2649 1290 -711 -2825 1789 
3912 -337 3461 2448 -2645 2689 -1319 3557 -1253 1789 
-3126 4777 -1091 -2116 56 4679 -4289 3177 310 -3552 
-4873 -3196 -4106 -4859 -4553 -2462 3779 1431 -1117 2455 
3972 1826 -330 3510 3200 -2476 -3711 -2456 -2483 2548 
-1818 4891 3118 -4575 -1147 141 -2692 169 197 -2278 
1603 204 1205 -3342 2577 2047 2306 -225 1162 -811 
4844 2309 1936 -3189 -3691 3066 3970 -2829 -4871 -1560 
1394 -4157 2596 -3999 4363 -1986 -4015 -4973 2850 3332 
-4897 -3156 3964 4214 -3223 -3185 2001 -211 1189 215 
-3793 -2229 -4788 2316 2258 -1407 2012 -3564 -349 -4829 
715 -3557 -1921 3865 -2163 1302 -375 -4617 -3864 3861 
-1854 -336 4902 -841 -264 -362 394 -2958 3053 -2875 
-4922 -829 9 -3455 2221 1651 -3325 -915 3701 -2789 
1052 -1011 543 25 -4116 -4594 -1511 -3069 -2383 -4876 
-4205 2603 741 -2507 4498 -2924 3727 -1451 -1502 1748 
701 -2656 159 -325 -3871 255 -3387 -1405 -1463 3029 
2566 -1688 1444 -1927 -4 -3239 897 -678 3408 -4416 
-3254 -4258 2106 4623 -1278 3515 3066 -4277 -630 -4999 
-2889 -19 458 407 2422 -4218 2286 -3299 -1907 1603 
3438 770 -1464 -1854 2723 1088 1275 -60 -4713 2837 
4649 -1788 4045 -2277 -971 694 721 1722 4056 2323 
-4672 -501 2914 964 -1621 -1968 1060 -1891 3128 4595 
413 -1763 3050 2717 275 -1086 2018 3144 -2764 1954 
4533 3239 -1458 -3209 4544 -1996 -4356 3467 1450 1706 
1346 1285 4425 1764 2171 -4206 3832 -2459 1232 2759 
-4233 1866 748 -1002 2355 413 -4818 3840 616 -4197 
-4145 -4630 -876 -2120 -2619 4322 -867 1041 -3849 -4236 
-3834 -4109 -4143 -888 3646 -2038 -966 -4258 -3270 -2611 
-2092 -371 -4060 2888 -4140 -3736 4115 -2839 4931 4403 
3965 -4624 1924 -2604 1163 2480 503 4829 -3300 -3333 
-4595 2281 -2100 -467 -2755 -2203 2438 -985 6 1185 
-4168 -2209 -3514 -361 1846 4022 -2373 2587 -63 2939 
1624 -4125 2746 -3682 3658 -2886 530 -1641 -2324 -3873 
4755 -536 -4921 -2109 1300 -3744 -1634 -4109 4409 -478 
-3287 -4557 2138 2869 -593 1964 1381 -1923 3050 2390 
-794 -518 4406 1786 3494 -3857 -1141 3777 4881 1366 
-4293 -2943 -3956 3234 4733 2106 3255 -3019 -885 1899 
96 -2237 -1335 3707 -4504 1270 2311 -428 3834 -2925 
-2983 4738 4617 -338 3925 -3315 745 -2262 -4019 4051 
3489 1251 4605 -3589 -833 -1777 1815 -3691 -500 -1774 
-1875 -3579 -270 2305 -2273 -1423 -3701 2778 -4890 3689 
-1812 2258 1232 1639 -590 3647 4029 1687 427 -4025 
-2471 -3528 633 2296 -1349 612 3490 -3335 588 4829 
-3684 2112 -3 -4456 -2297 -138 -4653 62 -1750 -2759 
3684 -672 355 4081 -1946 4204 2906 2741 2837 622 
-1835 -2290 4966 -248 3905 -85 859 -3964 -2993 4471 
-1258 -1671 525 824 832 -851 -4665 -871 -836 42 
-4402 4571 -4584 2532 -4056 3911 -2268 953 2199 -4456 
4439 3882 974 -3753 1038 1706 -3022 4054 -4251 2852 
4638 -3232 779 -4046 2265 2145 -1759 -4629 -3589 -1982 
868 -2196 3134 -4184 1963 4827 -2510 3406 -2669 583 
-2300 3488 -2807 116 3871 4106 1911 -4138 -1469 -1441 
1043 2252 997 670 4628 3183 2215 -3310 -1433 3371 
-3894 889 33 -4419 4498 -3448 -4587 -2931 -3847 2365 
4569 894 3126 -3627 -4572 -1004 -2273 -2513 3338 2085 
-1140 1808 1499 3683 398 -3032 -4967 2905 -96 -2091 
-3111 -3900 -3475 -3145 -3108 -3596 -4430 -3741 4894 -4397 
1093 -4660 -3250 2629 -4489 -3169 4976 -3247 -4122 -2658 
-3809 3183 502 -2224 615 -4078 -1456 1206 1858 -1816 
-2901 2081 4256 1999 -4997 402 -4275 -2678 3847 -3822 
-4498 -2203 -4369 -3901 -932 -4363 -4802 4790 404 -429 
1356 -1697 4766 1067 -2393 1575 -4915 -2304 3604 -160 
-1610 3955 4416 3854 1524 -1165 4732 -925 4235 -3817 
1832 -1317 -3396 2042 4478 -3446 1833 2709 4771 -1453 
-2214 -4268 -1414 -246 1870 3362 -662 -2692 -1354 4294 
-4864 4078 1966 2562 3016 -4829 -19 -2903 4136 1330 
2480 3778 877 1751 -1998 3290 347 1673 478 -4258 
3967 1996 -840 -3767 4455 1992 2041 4027 932 -1479 
1001 4795 -4833 -3960 -2190 991 -2630 810 -4813 1065 
-1432 2072 98 -1693 -2657 -4881 -698 -3553 1805 1800 
19 -3192 1993 -3669 839 -1363 11 -2705 1093 -2801 
-4593 -2251 592 1001 2646 -1866 1802 3631 -274 -3318 
-1331 -3958 4771 955 154 -157 -3563 -2039 -3919 -1490 
2652 -2432 -1104 2618 -3095 3878 -4897 -1242 -4001 -2839 
-4501 4422 4626 1432 2897 -3195 687 913 -3362 2285 
-1588 -4005 -1003 3893 1953 1317 2528 -4134 1143 -1553 
2650 1970 848 -2249 2365 -2707 -2696 1495 -4265 3436 
4554 -468 -381 -889 -1770 3307 1061 -3943 -671 4143 
-4330 623 -2163 -2442 -4831 -3567 -3749 -4292 -2244 1264 
526 -4120 -709 -2431 -1486 -4122 3569 -3176 -4899 -2827 
-1975 -2232 3044 4338 4629 4858 -831 -4524 -1964 -835 
1076 2345 -935 -275 4648 241 458 4807 -4808 -4102 
-4042 -4437 -1343 2395 -3910 -4621 3001 -842 774 148 
2752 -3801 3227 -3822 230 -4814 2360 -2872 942 -2660 
2742 -2440 -2943 3720 3184 848 4342 1285 -3129 -1586 
4304 102 -2091 166 1224 194 3568 -4575 3053 -451 
4594 -4696 -3974 -537 1334 3041 1799 4899 -3003 1561 
354 -3333 2834 3699 -3601 -4318 -4333 -2880 -4275 -2006 
690 -2321 4972 1288 1202 2183 -3844 -156 -3483 -173 
1575 2693 3533 509 1233 -3780 -3390 2062 -4097 -1713 
-2156 -4332 -2473 -3174 -2526 -4475 -3146 4865 346 -3692 
-4617 3273 1393 1282 1042 -3897 -3147 -2170 -4236 1977 
-1535 3424 -3298 3444 -1551 -4150 768 -4210 4823 -4800 
4855 -3395 2093 -2862 -4108 2943 4556 311 -4129 4348 
636 3589 3212 2856 2733 -2770 -3939 4877 -4538 -2036 
1832 57 -1092 -2383 -2038 -4124 -4683 4360 2028 4789 
-595 -4560 -4875 325 3752 -4470 -3343 -412 713 3585 
-4943 -3574 -4925 1546 2418 2545 1662 716 4962 -4543 
-19 3617 -2240 -4084 -2851 -707 4580 508 -2000 -4593 
1263 969 -869 -3210 -4348 3599 -2516 -4955 -2889 319 
4081 -3638 4020 -4619 -2683 -2596 -477 -3494 2172 4563 
-4853 -629 4017 -2308 1957 -4086 -2611 -867 -61 2611 
-53 4070 -4736 2146 442 1513 -471 -1901 3075 -4405 
2317 -4630 1531 -3781 -4543 1940 3371 -4206 1591 -1027 
-3010 -3988 -1825 -2637 763 -3962 -1090 315 -3596 1608 
-113 -4397 -274 1766 4136 4504 -3182 -1567 -3218 3641 
-109 3427 -3813 3963 1441 -1013 62 -2257 -2867 3221 
-3772 -223 2046 -2834 2535 -3374 4067 838 -812 -3321 
-3062 -3321 4432 419 -3439 -4378 -4243 -1245 -2293 -905 
-2870 -2439 725 -570 409 1996 921 -2941 -2842 -2514 
-2381 -3635 -108 1581 3074 82 -3591 -3666 4593 -2779 
-1635 -4601 -2297 -4670 -2257 1675 -3509 -897 1321 -484 
1292 -2861 4453 876 -4815 203 -2784 2660 3052 2778 
1294 1241 3428 -687 1278 2651 3475 -3857 2143 4880 
3661 4955 -4669 -303 1682 -2128 -3549 3203 3446 1384 
-1900 3161 31 -3844 -440 1048 -2002 1451 4920 1979 
-4814 3353 -1584 3832 -3415 -4743 -2069 -4222 -775 4990 
1777 1568 -2290 -4321 -4946 3935 -4940 -2662 1349 -1949 
2008 -2022 -3324 -28 -422 -3701 -4278 294 1782 3517 
2375 -1191 643 3175 4163 -3469 3162 335 -2062 426 
3963 1751 4277 3223 2766 3978 -4188 -3001 -3402 -2217 
2924 1251 810 -2660 -125 291 -4602 -1257 -2396 1743 
-2961 -3078 1751 374 -218 -4035 1103 -174 -113 -216 
2699 587 1139 881 2773 347 2739 -3693 -1873 -3853 
-2819 -176 3056 -4020 -860 2567 2137 1760 -2149 -4311 
-436 -3959 -1678 -3175 2991 3962 3396 -3533 -1267 -3811 
1376 1791 -3074 -4147 -2601 -4907 89 -106 -3338 3762 
4135 1465 3044 -436 -1143 -4300 1405 1395 -1556 -4079 
2641 -2407 2892 1982 3607 -4205 -2345 -3075 -682 -2320 
-3756 -995 1829 -3590 340 -4120 896 2586 -1257 -3666 
-4082 4849 -3486 3107 850 4132 1600 4788 -2865 3431 
1558 1616 -4097 -1298 -4196 -4124 -4011 -4496 -3224 -2249 
-1422 3629 1453 3640 565 -1663 1508 1461 -1482 -1879 
2649 -483 -219 2710 1258 -3177 1534 -2785 3948 -3163 
-4560 3996 3087 -2252 2510 1521 3442 -2283 -4618 567 
3001 2225 -3520 -3407 174 -2553 2025 -4787 2311 3450 
1425 -2518 -1817 -3190 -127 3433 -634 -3265 2001 -2009 
3797 -2579 -3911 4745 2413 -2876 4374 -423 -2120 3944 
-2112 241 -477 4497 -2934 -1819 -383 1459 -4231 1014 
2403 0 3976 -2525 -4121 4796 -4293 -3325 687 1490 
659 -575 3204 -4202 -1566 279 -534 -2918 -3393 2959 
3653 -4251 892 -1579 76 3248 3110 2720 -3314 -4077 
-3523 2659 -2478 3168 2037 3167 3203 973 -3621 572 
-4388 -1896 -2580 2743 -1616 -4026 -285 -2930 3021 557 
3057 -2758 1154 -1997 -2030 -3588 1710 3831 -1107 -1669 
-325 3070 3948 -1059 -1588 -464 -4258 -2124 -2686 -2412 
-3895 -405 613 -3575 932 193 -1983 -4361 -4941 -3771 
-3137 3317 -2620 -3741 -1226 4796 2282 -2611 2017 588 
4663 4158 2114 -3954 3104 -1173 -2569 4058 1196 -2981 
-467 3337 -243 -1608 4403 1901 -4190 582 -2288 1696 
-3588 1812 855 -502 -1873 -4063 -3703 -569 2107 -2527 
-869 4537 -2292 3136 1690 -4486 -1553 -4074 1949 4516 
3239 3195 875 -3868 4558 -979 -2692 44 943 -1793 
4468 -2503 -3628 -3020 -4595 532 -3573 -3379 -4029 4428 
-1921 4656 2806 1220 2980 3690 252 -4183 -4862 2949 
-4586 1528 -1786 1101 -716 333 4549 -4593 -2566 -802 
3955 -1612 4981 -1623 -2876 2301 4233 3452 -3392 -3713 
-1331 -1244 1484 -1199 2266 4551 -1994 -1965 -657 -2251 
689 -1679 1816 -4228 1202 -1848 -368 2284 -38 4425 
-3803 -3924 1206 236 -1589 -1110 4275 -4250 4372 888 
4502 -4370 494 597 3195 -4516 -4419 -4263 3515 -589 
203 -3147 -2268 2338 1229 1834 -3980 1093 952 2010 
613 -3487 -4444 4684 -2208 -1649 -4689 -2733 -2517 2712 
3397 -4463 4677 3603 1711 -2648 1971 -3381 -3095 -110 
-1028 4852 -4535 -3183 4018 -65 -4036 3289 754 -3380 
4739 1517 -1330 591 -3681 -2601 312 -3338 3160 3724 
-2942 -2326 -572 -4305 436 -4283 -3258 2869 -3842 4291 
2629 3881 -1890 4108 223 4385 -348 3456 -4514 -2383 
-540 3524 -3351 -738 4188 -2548 1534 -570 -3129 4585 
1903 -2307 1201 837 -3334 -277 -3412 -4259 -4755 2981 
4754 -2001 -2006 2952 -2132 3491 3736 1678 2626 2655 
-4038 2362 2164 3317 -3501 -4314 2345 -240 330 -3953 
-1227 2559 2875 2287 4928 -1263 -2914 -2885 -555 -1534 
2732 -2802 -887 1877 1551 710 -547 3106 2185 2798 
3284 -847 -4824 668 -1303 4072 -664 4907 667 354 
682 -1876 4362 2049 -2892 2600 1143 3621 -1256 -871 
1287 2477 -4519 -2982 2937 4701 -372 -4709 -4424 -1455 
4220 -3398 -2910 4753 -1312 2975 -3446 2117 1601 3031 
1803 -3285 38 -637 -4818 -4458 -4670 -4287 638 1306 
3009 3691 -4102 1846 2862 3151 586 2656 4633 -4032 
2150 -809 -2888 90 -2604 3125 907 859 -4192 4803 
-3340 -160 3521 3730 231 -930 -183 2087 -3106 -381 
-3444 -3913 -3744 3259 -4203 4436 2243 -9 -3994 -3434 
-3249 2075 -641 -4547 597 -2217 4369 -1883 1248 3192 
4195 -2261 -2421 2640 -1292 -1840 -1900 -3388 50 684 
1919 4292 4395 4132 941 -4112 -4990 1903 2382 -3320 
-4508 1894 -523 3013 -1109 -4006 1340 -2121 1602 -1782 
-4792 -2785 -3510 -4139 1581 -3122 -1859 -292 -3435 -276 
-830 -340 -3619 -1075 4769 715 -1631 -302 3527 4160 
4505 -3956 -1237 -2952 -4844 -682 -4367 503 2932 -2204 
2271 -3444 -3943 230 3439 4056 -4413 2753 -587 -2817 
-3678 3440 4737 -4400 -4047 1927 -1049 4050 -685 -3287 
-4387 -625 -1541 122 2356 -458 1138 -3945 1515 -4773 
-4107 4164 -2560 -1870 -4083 2374 56 -3460 -3788 -3085 
770 -3199 1380 -1609 4743 -3889 -3998 -4615 -4972 -239 
-1061 716 4267 2275 -675 170 3463 1525 -4679 -578 
1663 1903 440 65 524 -3579 1916 2152 -2674 -4214 
1464 -4773 2812 4953 1826 3577 4219 2593 -3944 -3862 
4514 -4655 -2591 3861 -1541 3077 -3658 -3340 -3909 -1904 
-2783 -4315 -4522 3291 -4588 562 -2707 -4292 28 -1870 
2201 -4710 -952 2769 4029 -2864 -1707 2526 4167 -832 
-1892 1940 199 2938 -4562 3900 1427 -4211 2910 -3488 
-2326 -3779 -4192 -3294 1096 -4058 -2351 4398 4169 -1248 
-3225 -1058 1441 -3197 3594 -1699 2491 1789 1956 -98 
-143 2050 -4459 -1938 -3396 4851 2585 -4121 2380 -4558 
-2338 -4138 2458 -2492 4464 1647 -4612 -2568 -4617 -4929 
-71 -2584 3685 4355 -4994 -1362 -568 -4665 4160 -775 
4535 433 2530 175 1435 3456 -3239 -4732 -3813 -4017 
4798 -1908 -2148 62 -4652 974 1560 803 3964 827 
3775 -3012 2933 973 3900 -1336 1591 4594 -4950 1063 
114 -2837 3830 4448 4930 -3728 -4202 3522 -106 1319 
-3110 -2308 -4639 821 -4030 -3552 -3632 3043 1553 1765 
1166 -1484 -2319 -3459 4965 3335 1110 -2697 1397 -504 
-1369 4662 -3446 -2036 954 -431 3001 -3139 -1665 2875 
4810 -3534 -1343 2854 -2211 1730 360 500 -4874 4778 
3906 495 -1621 -4386 -3885 2106 -2608 -4179 4010 -1465 
3360 -2504 2519 1754 -737 -1373 2026 4557 -4738 -1587 
-2627 -1882 -4561 -2883 -4011 614 -999 4413 -2635 -4781 
-3650 1884 -301 3016 -2581 -3441 559 -4261 3935 -2841 
2913 -4848 688 2697 -4014 4412 4683 -3671 2014 -4531 
-4870 -4968 2009 2296 827 1553 -3296 -1518 -2578 4558 
-2511 51 -4577 -2528 -2211 952 -2859 -4257 1116 1480 
-1030 -2049 -4094 -3382 -211 -4237 -1999 -539 1604 2886 
-3569 -505 -1403 -1992 4426 4906 -4857 -1771 -3607 -3196 
-4252 -4963 -1836 894 -2686 -705 -2425 -1241 -397 2423 
-4110 -2951 -775 1738 1621 -3075 1342 -4385 -2773 -2597 
3939 1985 4100 -1643 4855 -4814 4808 -2572 -2325 242 
-504 -4014 2643 -3647 -1785 2858 4879 2513 4537 3725 
3899 3039 -1158 2151 3780 -1597 2002 2897 1996 -2267 
3720 -4808 -2048 -2509 1621 2141 -936 -4559 1963 -2210 
62 -208 998 4806 2739 658 4465 273 -2210 -307 
-837 3202 -442 3358 1931 2936 -3165 3536 -4926 -274 
-96 3084 -2767 1762 563 -2093 -1093 3769 -3809 -4101 
2700 369 1834 -2442 3657 2102 -2293 -2263 2362 -3319 
1911 -1957 -3674 -4322 3148 -2595 -4258 -2459 3245 -935 
3868 2668 4719 3661 4445 -4733 -4493 -854 4717 1760 
4406 248 -3086 1523 4869 -2211 -3684 2316 -4811 94 
-181 4844 -79 -3356 369 -294 -27 227 553 -2217 
4683 2631 265 -4653 4836 -4752 -1036 306 -2822 1759 
2819 1929 611 -2335 -4731 -3170 -3832 444 3892 -49 
-1209 4024 -3862 -1567 2390 4752 -2748 3900 1305 665 
-890 -2540 -2059 -1790 -3313 -4084 4614 4652 -3137 694 
2318 -1829 294 -1538 -4017 -1650 -178 -4456 -2149 4588 
779 -4889 -838 1312 3090 -1361 2236 -970 -4824 2477 
2687 -4186 2781 -410 3235 -4511 3336 -3571 -4548 -3063 
69 -535 2792 -3482 -2467 -1626 4898 -938 4020 -3861 
-2842 -3307 -1480 -3732 -4315 301 -3400 336 268 -1985 
-508 -4746 -4368 1027 -4604 868 -2404 493 -3508 3472 
-817 -1808 -4258 3330 2816 1271 1008 1513 -1229 -718 
-689 1837 3680 3406 900 3654 -1822 360 -4938 379 
-355 -2349 2256 4877 -4076 -1785 4949 -27 3178 2189 
-4255 1995 4679 -4471 738 3753 -2739 -153 -569 559 
4988 -4951 -4232 -3224 4899 3247 -2218 -1363 -969 -888 
-4509 -696 -1351 4057 4373 4060 -221 4780 1895 4803 
-2749 1418 4001 -216 -3220 2619 3306 -4122 -2183 -1235 
3131 1024 -3101 3428 -1307 -2925 645 2145 -426 953 
1069 -4794 -2632 -369 678 -311 2826 3881 -4011 4679 
851 -3067 -2256 -805 -3596 -2547 4597 -4145 -1379 -399 
-3174 4722 2979 -3212 -2335 -3030 -751 -1930 -4129 668 
-4 2098 -1380 3850 -2900 328 4253 -52 -393 2718 
3777 130 -2176 2691 -3367 -1591 2480 -4316 444 -1812 
4324 -4270 1753 1821 4856 -972 -1890 324 -639 1545 
3416 4023 3313 4704 3052 203 791 2348 246 -2358 
2789 -2686 3872 1605 -3178 2085 -682 -3412 -465 -3708 
903 827 -3323 -2943 -3122 -1193 -3744 4518 -3903 -4678 
-3185 -1500 -4294 363 -132 1468 3397 -1246 3169 -2447 
4649 -2550 3755 -2755 -1494 3368 3245 4339 3550 -3029 
2648 -4379 1295 -3996 2714 -4409 2673 -3704 -4779 -4365 
996 3123 -910 -3617 3051 4175 549 3452 -4274 -4986 
4195 -1904 4110 1461 1665 4919 -4121 705 -3346 661 
-566 3598 -4252 3919 -4324 -258 -213 -2982 -3575 -4921 
2031 4820 -4627 -4088 -1101 -2606 -1884 2892 4021 -3751 
4848 -16 756 1506 -676 -3598 1760 2807 1231 2699 
-928 -1293 4962 -1009 538 3194 -3163 3553 -1217 -2685 
543 3356 4116 -2657 -3931 4128 -2424 1877 1453 -4182 
-4973 2124 -2924 3991 1132 2829 -2820 -822 -178 4519 
3001 1148 -548 -187 478 -2461 4802 -3410 -924 -4489 
3678 -4933 2555 1200 -1618 -3154 -1340 -764 3388 464 
-4034 -4800 1623 2331 1919 -2684 -3932 794 -1386 -4204 
4949 959 -1633 4412 905 67 1446 -4491 1333 2851 
-4577 1941 -3552 -3624 645 -3909 3349 -201 -2542 3723 
-2940 1931 -3089 -3145 2410 -736 -4068 -433 467 -3886 
-4782 2441 -3219 -4139 1543 4645 3471 4774 -1550 4875 
-2695 2481 3183 198 462 -3436 -2955 148 -4689 -2796 
2742 3870 714 -2961 2967 2310 -3469 914 4401 -1393 
-1071 -4052 -3528 -63 -1731 4098 -2822 -3284 -3114 -2620 
-2807 1181 -3400 2656 2860 -4113 -3986 -2602 -2589 -4332 
-1658 -3268 4602 1445 1701 1298 -368 -2267 1978 2568 
3048 -3908 215 -3329 -1329 -717 2909 2302 -273 -2404 
583 4390 -4268 -4316 250 -2152 -3538 3947 -4133 -139 
-250 -3181 -1871 582 -3676 4775 -1235 -1634 -2480 3934 
-3784 -4884 167 -3600 -4452 1109 -4000 3352 277 -1759 
1312 1434 -4615 453 2779 4280 -1242 2594 -2500 2032 
4170 -1381 -2809 -2056 -4631 3788 -2835 444 4811 -3351 
2368 -3641 3860 -2187 -2745 -4000 -2456 1301 531 -345 
494 -4716 -3373 4481 -956 2200 -3370 -800 -2988 2564 
-4544 1590 4773 3087 -322 2491 -395 2517 3421 -3939 
-2026 1005 -2201 -2136 1766 4443 4544 4087 -1485 1271 
-3312 3113 1455 1325 -1966 -1529 4545 2710 -4836 3924 
-628 3495 4080 2326 -4317 -3639 -3885 4085 2621 -2535 
-2645 3026 -2218 -4495 2559 -4054 102 -74 -3463 3643 
-2298 -1277 -1521 -3947 -2864 -4602 -2301 -1068 727 4281 
-4777 -4498 4583 -1580 -4139 3272 141 -3711 -546 3758 
-2182 464 2737 -4542 3460 3436 4974 -1723 -4883 -754 
-1829 -4092 1272 577 3336 -4556 -2406 -635 3758 -351 
-2802 1192 -2307 1156 3628 -2958 2022 3411 -2758 1631 
534 -2819 -3630 3410 -699 -3194 -1610 4536 -1507 1632 
3602 2987 -3041 -1317 -4910 -4263 -4494 -4338 -4876 -4844 
-2451 -1802 -3346 4170 -4185 -1714 -3661 -1944 -243 -1712 
-3150 -4101 -4684 1899 -1 -4505 3824 -1226 -1577 -2244 
-2780 -4269 2894 -971 3611 -1976 -3589 -3213 -4570 -4278 
3638 298 214 410 -2976 -2375 -979 629 -2444 -3168 
3296 -2762 -851 3517 2112 -1601 -727 2584 746 -3143 
3564 -1504 4843 -600 3640 -3611 2039 -1758 -2277 -1705 
2060 -719 4825 2382 -1133 -4090 3163 -2052 791 -2367 
-3496 497 73 -4914 -2140 -3571 -110 -958 -233 -4933 
-2918 -3497 -2017 4140 2937 4404 -2968 1377 -1267 -2559 
-2630 4045 3308 -2598 3684 -2630 -3414 2577 -3144 3515 
2492 617 1879 -2686 4558 -2320 -4674 260 4434 3596 
3137 3401 3050 793 -1689 1288 2664 1618 342 -1326 
611 4751 -2767 1502 1133 -1443 -4241 4053 3492 -684 
1278 -3618 -3851 -4459 -1545 -4387 -1113 -2573 820 -152 
-585 3700 1583 1947 -2400 -9 -4659 220 3070 2088 
-1381 -4207 -3901 -2447 -3257 -2656 3689 3092 -94 -1481 
136 -1177 -2395 590 -4934 3006 -142 2089 542 2223 
-3924 3714 -3605 3938 618 2359 3957 920 -441 3200 
1092 4270 2990 308 -2109 -2974 1636 -4228 406 1525 
-1706 -2008 -3120 -719 -4363 3857 4275 -3444 1951 -4802 
1897 3758 1456 -2101 -716 -2000 -3703 -873 -1455 4197 
2847 -1060 -3982 -4275 -4873 -4603 1883 -4632 737 3595 
-3091 -984 3634 2528 4514 -1798 4871 -4112 -2680 -3929 
-553 2836 -4862 4741 2552 -647 4347 -253 756 -431 
4828 3157 2317 -4631 -3281 -275 -2753 -2934 -4523 -4197 
-4667 675 -4362 -4634 1951 -3289 -1897 -4181 -1038 2835 
-3295 -2858 -2400 1892 -4353 3375 -3654 -218 2967 -2314 
3908 2143 -3299 -2303 -3528 2397 2725 -4123 -2355 4157 
344 -2956 -3592 -2210 -312 -4985 -188 -971 -3017 -1076 
-3202 2835 -3787 4465 2212 3156 -4151 -2814 -4944 1801 
-2814 -2274 -1024 -2936 638 1505 -3720 849 -4086 -3266 
2393 3877 4123 -2869 -893 -2301 1741 -4654 -135 -1965 
-1846 -204 -1340 470 3053 2913 2395 4717 1367 -810 
-479 9 -4142 422 2496 -4317 773 988 -1435 -3698 
-3945 3951 875 -2038 423 -3177 -4499 -3159 -4869 80 
2534 2343 -1577 -2724 1755 4006 -3215 -3538 572 -2505 
-3437 3428 278 3760 -1504 964 4316 2186 -4485 1883 
3688 -1990 -4732 4897 -1444 -717 -2876 -3791 1822 874 
-2757 -1352 -1212 -1062 3336 -1540 219 -775 2089 4799 
-3057 3547 2835 499 -2442 -2219 -3036 -816 2061 3588 
-2457 2645 -4904 -17 -4743 3276 -1324 778 -3622 864 
2303 2973 4421 -3181 1210 4869 1635 1467 -2115 2825 
-1236 -3284 3324 -3313 4784 3725 -1479 -2912 -4522 -2140 
-566 -3031 -29 1058 1469 -92 3917 2967 -4983 -1786 
-2000 -2611 4262 1690 -2943 3304 4624 14 -895 -4559 
-4488 -3747 -1036 -4353 3772 -2595 -1486 215 1720 377 
3374 1637 684 -2223 181 396 -4353 4688 426 -4742 
2981 -4273 4384 -3824 -4210 329 3430 -1312 -65 2623 
-2502 551 -1980 -900 -41 -2034 -4346 -2053 1633 3643 
937 2792 643 -2963 -3862 1524 -169 -2279 167 -2323 
2918 -3922 -2561 1981 -4416 -4128 -1940 4178 -3058 963 
1358 1006 69 -4779 26 4016 -322 1921 -2046 1699 
-2283 3169 1351 -1307 -3138 756 -1636 -678 3775 -4415 
-1043 4210 810 3227 -2353 -3223 4233 -3851 -4214 2205 
-3889 -1704 3653 3541 -3956 -2798 -4159 -976 97 401 
1896 2108 -2619 -3791 -2169 -2808 -3273 -3102 4314 -4884 
-4394 -4131 1175 -1161 -3059 4680 -4898 2745 -2142 -2296 
3999 -174 4578 -4809 4893 -3029 -1083 -3033 1169 -3100 
-3384 -3531 2017 -4547 -1094 -3263 2179 -1687 -2714 1438 
-4051 -4320 -4045 3173 -2625 -204 3737 -4178 -2621 2582 
-3435 -2207 -4269 4442 -4434 1865 924 3640 -1847 -3989 
4178 -364 -3014 -473 -1067 3616 380 -244 3122 1297 
-989 -2240 -4228 623 -1344 1424 -4964 65 4276 -3324 
-4633 1817 3657 3623 943 -4565 -4275 -2362 -787 420 
-2512 -377 4429 -4328 1312 220 -3430 -1460 -4141 -4248 
-916 -2634 -3578 -575 -4865 2386 1811 -2730 1335 3542 
-1545 -861 3264 4344 3941 4499 3754 334 -4251 2006 
-539 -1913 3858 -3117 -3287 -104 4819 -2 3866 537 
3671 1774 -118 4193 1926 1865 -4065 1775 -3275 1153 
3142 -3893 -406 -1949 3048 4124 962 2444 2445 -3044 
2528 -3665 222 1945 1238 2358 1679 -3588 3384 -3979 
-1396 2751 -193 357 -4973 -1333 -1412 2383 -4925 -336 
4510 -2698 -4045 -4375 -2171 -2645 2775 -2050 -232 -3957 
-2242 1259 -236 4940 591 -4334 -3195 1640 741 4077 
-3062 -2679 -3655 -4378 -4396 3365 -3505 4122 -944 1228 
1075 -3013 3942 976 -3962 3638 1184 -1597 -1725 -4555 
1374 -632 -2633 3957 -3719 -1533 -2559 2986 2008 -3118 
1174 2657 1600 3104 -1273 -2042 62 -4616 -2345 -4120 
-1670 3287 -2536 3050 836 2917 -26 3675 -4430 -4507 
4230 -2632 1070 3050 335 2208 1561 508 -3510 -1223 
4260 -1508 -4521 1137 -2463 -1083 -2063 1400 -3547 2020 
-1198 2940 2065 -1911 -3383 -12 2513 -2339 -4885 177 
-3515 -3514 327 -3759 2878 3210 3727 -4842 1899 -703 
-1532 -329 -4748 2365 -2446 3254 -1658 -3986 -532 3186 
-3215 -1791 -72 -3715 -4498 -2967 -4082 0 -506 -3695 
205 -2130 -2689 497 -4897 -4281 4023 -4705 462 94 
1478 -2297 -4281 -3795 -129 3726 -1778 886 -2809 292 
-3406 621 -2662 1608 -2046 -3883 4538 -2768 1600 3656 
-3431 -2871 3685 -372 3785 -2564 4869 -478 1537 4706 
-4076 -2640 -4861 -3991 -4406 -1023 44 519 3539 3435 
-4852 -3250 -4102 3842 -2409 3665 3959 -3685 -885 2134 
-2330 1587 -2734 -3956 -4614 3073 -3238 2927 -3519 -262 
-4348 3402 -4806 2676 -998 -868 1525 -4116 3668 2783 
-4582 -3252 2861 -3900 -4420 1351 -1471 -3149 1487 -4489 
-4631 -1870 1448 -2743 3851 -1085 3140 2279 4988 4467 
-4356 -4249 871 -2864 4743 -3487 -1853 -3365 1952 -1273 
-2625 -2258 3769 352 -1135 -4608 3313 -3818 2640 4662 
-1758 -3983 -978 716 3566 -270 90 2629 -2133 4997 
-3211 -3040 -4164 2545 2132 -85 3507 1329 4469 -4516 
-3068 3832 -3467 4717 -2869 -1471 2353 4616 2848 -1963 
-1620 -1148 -1143 -3407 912 -1666 2433 902 -4279 3403 
1256 -3502 -1618 -51 1084 704 -3055 4004 1814 -2276 
4985 2823 1527 -4103 782 -1484 -3499 -762 3797 -4364 
-3215 -4386 1244 -2270 4891 -3713 4233 -1475 -1928 -1731 
-2482 -2596 851 -4264 3871 386 1489 876 487 -4541 
2457 3816 4600 4901 -348 2449 -4271 -2262 -2959 -345 
2629 -2275 -35 1511 -70 -4901 4833 -3245 63 4548 
2748 -3376 -79 129 2194 -4658 4176 2633 -2299 -691 
-2258 1359 2387 1406 -4969 -1858 224 3847 1255 -760 
-3626 1708 -439 -2438 -3926 -1606 4636 1317 -3135 -2827 
-2629 3225 4803 -875 2716 2562 -545 -4532 872 151 
911 -4917 -3107 -2959 -1747 1510 -3039 841 1013 3285 
440 901 -2019 -4531 4264 -3531 -653 1758 1531 -536 
-3898 -4067 -828 4324 -4105 1765 582 2246 -3503 2714 
-4879 2119 -1609 111 -2370 4400 3629 -2872 -419 1471 
-2438 -446 -2132 1626 -3891 -4238 -2309 -2365 4557 -2837 
-3409 1949 1813 -4892 1908 -4978 992 -3863 -4762 4982 
-3119 4592 1505 -3185 -4810 4671 -4393 821 3485 -2291 
1042 -4089 -4040 -1258 2395 -3122 3630 3859 1451 -34 
2562 4073 3455 -3332 200 -4016 -2863 -2865 68 -1641 
-91 2057 -4443 3366 1425 -73 2435 805 -3711 4711 
789 -3621 777 -3622 1142 841 -3924 4842 344 3016 
-4963 1470 -775 3712 -4427 -4692 2694 -2629 -3996 4350 
-2515 -1543 3787 4088 2711 517 1401 4552 -970 -2777 
-4428 1039 4363 1020 -2822 3568 3052 371 -1991 -2506 
1284 -2599 -2468 2027 2027 -4328 -3177 582 -3417 683 
-2459 532 4307 -3483 4799 -54 -81 3971 -1392 -4342 
2728 -65 3623 261 -1735 3190 -2851 4512 482 -2548 
488 601 105 1471 3135 -2773 687 -2087 894 3457 
1620 -2374 -4100 -3048 -1252 2693 2379 -3240 -1549 -1895 
-2960 -1612 -3712 -4988 -3420 3856 -2057 -797 -678 -814 
1 -2196 -2686 -4580 159 -4944 -3299 4537 -3459 155 
1906 -4074 -2748 3582 4816 1219 1266 -4496 -2539 -4550 
3742 2048 1343 -4705 -1450 -339 -687 -2904 4075 -3718 
3608 -3329 1488 -2788 1023 2534 1727 2741 -2865 3291 
-1299 -1209 -1749 3772 -2913 -4079 -1317 2188 1164 766 
-282 -2041 3685 -4162 -4250 802 -1101 -1612 -3497 -3722 
-4033 -3598 3345 -3777 -1864 2594 -1578 -4752 -2448 -1673 
-3235 3002 -3176 1971 -2944 3804 1661 -4310 -2989 -484 
2755 -4570 4790 4487 4802 1501 -2083 3974 2797 4064 
494 -4046 2618 -2011 -1317 4505 911 2631 2288 657 
-998 4829 271 589 3877 -1016 -3046 1086 1207 -1311 
-1103 -1429 -3570 3746 2589 -3741 1611 275 -452 4050 
719 4089 -2098 1699 2725 3146 431 54 -369 -2860 
4134 -350 -90 -1058 -2547 4844 -3860 -817 -4686 4473 
117 -1138 1325 -640 -1339 -4439 1763 1059 -2741 -150 
-4230 -2321 1982 2535 -3154 2882 -857 -1271 4516 -1186 
-880 -1233 -258 -4165 -1733 2116 462 1969 3206 -2482 
-4530 -1691 -291 441 -3602 3764 928 -3677 -3073 2158 
-2649 -103 -1471 -2155 -3548 -4766 -3048 -2873 -2808 -1958 
-3548 4135 -4184 226 -1904 -2317 -2703 -3290 -3429 -4430 
2442 1775 -4970 -3732 3769 -1430 -4194 1070 792 1544 
-262 3853 -1111 3768 423 -3989 4536 -3614 -4494 -4151 
816 3605 -363 1244 -1599 -4636 2454 -1917 3313 -2933 
3708 3895 64 -199 340 -2493 4704 377 4659 743 
-3644 -431 2284 1464 4104 -3202 -827 -22 -2813 -4209 
-2091 -4048 -3576 1618 2592 -1693 1635 -212 4807 2018 
3394 -483 3849 -167 -2703 -2189 -3522 -555 2922 -3330 
-2346 1350 1805 4340 -3539 -3130 -3379 -1995 -686 -2279 
4203 545 1689 3670 2887 3033 -1043 -4635 -3644 244 
-1350 -4503 3244 -3165 -374 3679 -1324 2087 -2739 -3944 
4688 -4223 1839 4404 -902 -4598 4597 -2561 -3009 3924 
1576 4625 394 -1119 -3051 -2048 2166 -4749 4724 4329 
1182 -925 680 -2753 -1737 -4523 4326 -4093 353 1740 
-1991 2340 1497 1402 4918 520 3507 2363 3291 -1204 
-4538 -765 733 -2055 -3352 -3675 -3005 4312 -3012 2118 
1005 56 -4728 -4079 -2599 -1907 3548 -3349 2518 3322 
-4816 -2982 -4454 -1214 -994 -2462 1410 492 848 -2336 
649 3125 -790 3370 4986 2346 -2837 1239 3865 -3482 
1473 -533 4031 2041 3867 -3978 -4252 -1190 -1646 -4754 
4963 -4322 3178 -2839 -4568 -4790 -203 1855 2028 2517 
-4214 -657 741 3633 -428 2210 -649 -100 1149 3117 
-3360 -3406 -3331 -3189 -2077 -1115 -4482 -2550 4163 -3265 
1634 -4636 2002 -2633 -3418 849 -3574 1379 -3848 -1525 
-1236 -3331 -2008 1042 -3624 1785 3115 3617 -500 -2682 
-570 -1247 2064 -4109 553 2876 -3615 4899 -3447 -3355 
-1876 2996 -3502 -4138 -3666 189 3725 1290 4330 -3610 
4511 -3732 -198 -2340 3218 927 -2599 69 2264 -3632 
3457 -1280 604 -4999 -543 -1519 796 1144 1009 3500 
-3388 -2657 3544 1440 2988 -3492 4078 -4954 3478 1756 
910 -2406 -1760 -4980 142 3145 4993 3840 1330 1995 
4673 1223 4365 100 3817 2623 1338 2229 1998 -1227 
-4261 -4488 -1352 -3888 -2161 -4756 840 -945 -1831 1325 
-1975 -577 4975 -3864 405 -3503 2672 2653 -4309 3612 
-1751 2102 2160 3695 -2278 391 1525 -3094 -1036 -3977 
151 -3395 2406 1934 -1076 656 -4535 3071 -3284 1701 
-3336 -792 2862 -4005 2996 -4121 998 -1083 -4601 352 
2699 747 1447 -1284 3469 -2562 -3090 4868 2262 -1263 
-4905 2542 -3520 -4233 -4805 -4361 4248 -4024 1310 -2622 
-3022 -904 -4493 -2640 4030 1545 -1513 2784 -3063 -4753 
1452 -4951 2246 276 2948 -4346 -194 862 434 4513 
-426 -2626 1227 -45 -3631 2763 642 1370 1973 -98 
-2699 -1124 -3390 3406 2994 3548 -1888 -3793 -3538 -4469 
-696 2135 -3689 1264 -1658 -4399 3512 3291 1005 1590 
-851 2182 -4148 3832 360 2989 -640 4384 -4061 -416 
-4470 -4133 -4201 2070 -4174 4945 -4691 2948 -2228 -4281 
-4862 -3409 -1126 2677 576 4318 -1694 -2583 939 260 
-638 -1843 -3735 2604 4033 -4201 4230 -907 -2537 -4432 
630 -2928 -1104 136 -1028 2488 1772 -3992 987 -4622 
-3781 1415 -229 -540 -3880 -815 2735 -1989 -4461 -2444 
-3772 -3784 4099 -3379 -1588 3451 4828 -1741 3308 -4958 
4077 -3998 3843 -3661 -3411 -2661 2188 3913 2984 3642 
917 3596 -2796 1929 -3951 -4108 2905 -4045 859 -1986 
-4320 -2086 -884 -928 -1398 -3283 -3729 4266 -4971 -972 
-3197 -1363 -4933 1822 -1871 -3775 -3557 3870 -4914 1153 
460 273 3875 -3302 -2209 4259 2236 -3035 -3675 -3501 
909 4640 -4015 3220 3611 3299 -1282 -2603 3946 2001 
4740 1523 963 398 3223 -1620 -4375 -1487 2369 24 
508 2810 -638 -1388 3757 -3275 -1643 -4529 1491 3711 
-668 -4759 3965 2840 4254 1032 2457 -1142 4456 -3172 
-4875 -4518 4610 -778 2468 -2596 2732 -2523 819 -3141 
520 -1071 -1668 -4263 4545 -4949 -3189 -2412 2589 3764 
-3217 3723 2879 1357 -3773 -2257 -3936 4511 4366 2269 
-17 -372 -1385 -758 -4170 3974 -499 528 239 -4337 
-3913 -4903 -1337 -1760 4407 585 -4974 2430 -2828 -2159 
-817 -3670 -184 -4384 2077 471 3479 -3651 -4162 -351 
2321 -4461 1931 -371 -1654 4156 2904 4923 4520 3361 
-678 -2365 4460 3392 -4890 2287 3317 -3744 -485 -1659 
-1439 -1023 1219 -199 -1738 -3737 3430 192 4928 -4167 
240 2503 -4724 -2764 1092 2645 -3868 -1498 -3583 -418 
-4053 -1176 -2284 -4390 252 395 -4050 4389 1150 2678 
-3577 1288 -4645 4366 1250 -4664 4065 -904 -1325 -962 
3832 -4757 319 -2505 -3547 -1350 -4813 -4595 3374 736 
1960 1061 -3521 -1908 2853 -4518 1197 3856 -3883 4538 
2729 804 2779 1759 1511 -3520 675 -3071 -400 3034 
939 283 -3131 3805 2130 1883 -4955 395 4399 2157 
-640 1187 3973 -2998 -3524 -2170 -906 -403 2920 -1065 
-4442 -2746 4384 -1854 3617 -541 -1120 -961 4207 4172 
-180 -1978 -4186 3645 3072 2612 2273 217 -1021 -1425 
-2463 -1939 -1503 359 1905 -3821 4410 4030 -2274 -2183 
-4907 2665 -2474 2657 1177 2167 -176 3306 4429 -3439 
4333 2255 2877 563 -2483 -4706 3824 -2597 -3803 955 
457 -4145 -4129 262 -2453 -2141 -3181 -2566 880 -1829 
-3035 -1848 811 -4978 -3105 -764 4141 2428 288 -1331 
4709 -3487 -379 -3565 2891 -118 1031 -3852 -4369 -377 
4357 -2920 -2355 -2382 -2397 -4882 -4380 -992 4787 -4794 
-3705 2757 1956 -3872 -4476 621 -1992 5 -1421 1208 
2522 -2635 -3071 -3467 -817 -2432 -1746 4530 4428 -1959 
-4349 4291 3289 -2824 -2552 -4191 -4907 -4561 -1979 -4539 
-4806 -3233 -2968 -3146 -2462 -4581 -2970 3182 4057 -883 
1301 -2652 -3499 3192 649 598 -4556 -657 -1139 -4220 
-1755 4788 -4907 -3403 2842 -4574 -1726 -3836 -4069 479 
-1434 1819 735 -547 3736 2243 -57 4448 1018 -3397 
-1221 789 2313 -4825 -871 -3600 549 2859 -1397 -4490 
578 4232 -4519 -579 -1411 4677 3406 1616 2803 -2862 
3567 4248 31 1785 -2582 -1033 258 -2729 -2133 3623 
-1704 -2278 1989 2067 -4104 2810 -1297 -780 -3571 -2356 
-2292 958 771 3205 528 1420 3123 3004 -4080 57 
4147 -3484 -3319 4432 -761 2008 -973 1079 4717 1304 
-3065 4264 -744 -3053 -1489 -4400 -4934 4933 1518 -2437 
-2328 -1613 -3184 -4896 2777 2580 -2526 -520 -1969 -3774 
4629 -3803 2457 4801 -4657 -4831 -3560 1008 -1805 -2843 
3968 -802 -302 -325 2177 -2369 2018 -3131 -1193 -3825 
-3042 -673 -2913 1461 1598 -1502 -3028 492 1800 1515 
536 -3602 -137 -4452 3854 -942 -2373 -1886 -1304 4712 
-4671 1399 836 -4862 101 2376 3229 533 1189 4185 
-4089 -2272 -4824 -3913 -2934 -419 -34 -1010 -3069 -1130 
4217 1885 215 -2551 -3043 1991 -4038 -2626 4692 299 
960 3689 4150 838 2417 -3972 -2681 1335 -1838 -4481 
-3680 -1309 2833 4578 -2286 -3061 -4879 1169 -1319 27 
-2264 -2103 -3170 -3068 4533 3483 -2673 -3300 -2091 -3906 
2931 -956 -3929 -4086 -3848 -4662 4543 2563 4688 4736 
617 -4606 2716 -2867 3071 -38 -2489 -3645 1116 -3479 
2278 3425 -4031 -1218 4206 -3319 -2233 -2294 -1530 -3548 
2023 2586 -4337 -4651 -777 4004 4450 -2405 4550 1999 
-296 -21 -3415 -2392 -1008 3550 -3913 -4621 -4500 -905 
2802 -2194 1373 -4473 -3049 -3476 -4927 -4092 392 1809 
2889 3623 4903 -4759 3136 -3338 -2042 -2018 -2839 -1326 
2973 4314 -4904 3681 -52 1481 -2924 -4114 -4383 -3885 
4011 831 -4180 2904 -2874 3815 4738 4380 2319 -2466 
-3073 -1722 -831 -2114 4654 -988 -242 -353 4942 2513 
2951 -299 4621 3273 -553 -3864 4168 -3492 4976 -3387 
1367 -4286 2299 1987 2627 -3970 1242 3064 -647 3862 
4065 -2467 -4685 -1918 -3564 47 2581 4338 2402 2952 
3493 -3099 2099 1870 -4194 -3561 -3427 2393 3367 4058 
2941 -3429 4544 -2951 -3451 -3333 -3668 1577 1504 -3582 
630 3041 4286 -2742 317 -1476 -2868 980 -207 -2852 
-3437 -1095 979 625 -2875 4739 1576 -374 -2781 1181 
1247 -4325 66 -568 -445 2944 2639 -1809 2402 -1424 
3473 -147 1599 1014 -2274 46 117 2620 -2991 4387 
-4931 -1767 -4262 4586 962 -2195 -602 -2066 2947 -3094 
-3712 3210 -599 4774 1528 -3836 3385 -4450 3379 -904 
-1348 -3764 -3980 -591 1261 -404 2218 3984 -3053 -276 
2361 -3194 -3008 -1662 2045 -4780 -3416 4435 -4708 -555 
2438 -1088 -1620 2874 4540 -2285 -2490 1639 682 -261 
-4263 1132 -3679 -4363 4097 -3273 -4344 2700 3593 -4697 
-3538 2130 30 3140 -2655 1999 70 -915 575 3912 
-4430 -2670 4075 -2700 2256 -684 2962 -2804 -1260 -4743 
3134 -3055 -3625 -268 698 2498 432 -3723 -3208 -3043 
1843 -2243 -3328 1238 -4297 2821 2185 4775 -4211 -2929 
-3683 2583 -2307 -292 -2152 -3555 -3629 -4640 1617 -1146 
330 2019 -4372 2390 -1113 -2151 -2273 2715 3834 -4636 
-1820 -4440 1121 1545 703 4161 -2691 -3584 3536 -3982 
3176 352 -4917 357 3511 3067 790 -2716 3341 3045 
2578 2971 4097 -4709 94 -3214 3793 -654 -4296 4058 
-1882 -339 2069 -2811 -4727 -2221 1268 4347 1623 4559 
4926 570 -703 3786 4960 -4371 -121 -505 3132 -2688 
1015 3629 4733 4467 -3760 -1494 4426 1870 -4229 -2698 
-1955 1700 -4052 2134 -3325 1547 -4922 -4910 1734 -4581 
-4035 713 -1382 -2940 -3552 -1324 4694 -4107 2502 -4392 
3844 -3254 3095 -2417 394 2902 -2033 -4839 -4743 401 
-2497 -3217 -3947 996 3301 1353 -2746 -2333 1005 -1440 
-2177 -1591 3735 -3290 -1618 683 -3381 -1691 -157 517 
2091 1926 -3836 -3174 -1480 4595 1456 -4757 -3433 -2881 
723 1701 1988 -3468 3385 3631 1160 -1284 -4970 -2700 
4920 -284 374 -3777 574 4446 -3280 -3420 -4036 -4809 
2160 -2649 -4562 3497 2069 2583 383 -4735 4936 -1366 
-129 -3693 -2305 575 2995 -2724 3281 -2992 -3411 3993 
-2805 3223 -1618 -3466 -4654 4706 -3495 -4118 4873 -3542 
2026 -4495 213 -2192 2647 3737 2271 2841 1478 3249 
-4261 -676 -977 3023 1783 2857 -1549 1729 -4827 397 
-4499 -1289 -2020 4771 -4584 1743 3820 3277 -3439 1344 
2817 -4189 -2418 187 -2310 -3749 1599 -3874 3450 -855 
-4012 4811 3886 969 2944 4858 97 -4597 -2324 746 
-227 -2290 511 3837 4818 -3231 -1332 1749 -772 2598 
-3683 1225 4800 -4377 -433 1085 -3834 -1091 -3747 -4719 
-674 -4865 3329 3736 -3780 -2600 -599 -4997 1254 1628 
-4777 -65 3984 3036 4155 -3435 -587 600 3252 2177 
121 -3099 -2571 4285 1037 672 4613 4799 -3197 2193 
3881 344 -3182 4402 4310 254 236 4322 3938 -516 
-2930 -2331 -2966 -3112 1527 -3201 -4326 3526 -563 369 
-1560 -4901 2941 595 4865 -3419 481 -3245 744 4377 
4183 4381 -468 -3940 -2881 -2901 -3334 3814 1317 2078 
-4589 -4540 -3599 3454 -1248 110 -3221 670 -4078 -4120 
-3166 -3260 -4034 -2660 -3522 -1736 1370 -233 -3644 698 
-1551 2083 -3061 3929 1565 -4458 157 4401 598 313 
1664 3957 3221 -917 4070 -4530 2942 2855 3697 -2878 
-3698 4851 -3253 4168 -1040 -598 1877 3595 -4233 3869 
-2146 -2419 2375 3861 -2873 -1602 4420 -804 4596 -1491 
-2304 4861 4133 2351 -4385 3177 3638 157 -3666 2060 
4132 4338 -1245 -4433 4130 -170 246 -1761 -1830 453 
4656 3438 2903 -956 -365 408 -3614 1060 -2454 3032 
-4932 -2889 -3518 4556 -3300 -173 3082 -4906 169 -3947 
887 3877 -4949 -393 -1461 452 -1171 -2539 -426 -4447 
-491 -2659 3486 4161 3703 -554 -4037 -1134 1478 4290 
2006 -1343 -3988 -10 3475 -2595 4157 -1943 -2276 3323 
231 4411 -2815 -3557 3005 -4071 1453 1994 -3964 1822 
3626 -3270 -4835 172 -4521 1792 -4347 -4757 -439 2828 
-2951 -4895 1104 -2258 -466 4115 -4484 -1065 4719 -2806 
-3344 3646 3592 3050 -1723 1572 -4797 -129 -3391 -3414 
1377 -1303 -3990 3601 3996 -3271 4406 4914 1194 76 
-1675 -4897 -2668 3464 -239 -2439 -2456 -1451 212 -4412 
-1044 -1810 299 -2552 -2940 -1961 1370 -4166 -1563 -3519 
-3568 -390 -789 -643 2796 -4482 -4488 4973 112 4943 
-1266 -319 1541 -2287 -2785 -4336 -4864 -1783 2387 613 
-3437 -4213 -214 -2292 -4841 -3822 3410 -3523 600 -3293 
2923 4377 3889 -4109 937 4402 -4086 -24 -1190 -2496 
223 1662 -4583 -1951 -1805 4668 3938 3712 -3995 2646 
-3786 3114 3266 4404 -4750 -179 1051 2418 4155 -3518 
-200 3657 2925 -4884 -4740 -754 -1612 -2847 -4709 -775 
874 1561 1210 4921 -2878 -2571 -3033 887 -2908 1489 
-1080 -616 1611 -4579 408 -4473 4043 -2296 31 -3950 
-4921 4430 -3039 -1869 3362 -2331 -2630 -2607 3204 -2510 
-520 1960 -3425 1793 -2678 4631 -3229 1092 -4841 3273 
4159 4747 978 -2969 -4568 -4843 3309 -4772 -3857 1942 
-4228 -4680 -4834 -3974 -4693 2488 1507 -4359 3122 -1882 
225 -3684 -4968 -3907 -2397 255 3350 1841 -2286 -3897 
845 -2052 2201 2181 2586 -213 -3961 3739 -1319 3259 
3252 -3937 -4743 3006 -2328 -3074 1150 3842 2520 4515 
428 -3500 3026 24 4355 3216 -3700 876 -2602 2125 
4808 549 -2048 3015 -1061 1592 233 -2548 -2243 839 
-4299 1356 -1645 -2838 -2290 3018 -2644 4881 1571 -4248 
3913 -2823 -3951 4290 -3311 4333 2321 2442 4595 -2241 
3650 2196 -51 -1993 2873 4722 -2788 -3509 -1818 -2877 
-3579 -2848 2168 4935 -4908 816 1203 2102 2179 -2404 
2274 -4542 -4450 -3309 56 2234 564 -2316 3499 -3439 
-2160 4113 -3165 -1170 -4536 1381 -3841 -3163 -3322 3959 
-3223 4262 -3402 -2833 1115 1396 -545 1704 -2879 -2935 
-2859 2102 -1343 488 -2050 762 4761 2211 4436 2309 
3848 2046 -4565 -1143 -3312 1636 723 -3706 826 -424 
415 4019 -1398 -2834 1591 3627 -268 -2645 -4676 -853 
160 3083 -2326 920 -4182 3746 -1550 -1034 -3139 1701 
-2103 -3001 -976 121 203 2784 -2671 3052 1060 4931 
-1486 -397 1089 -3128 3394 -3036 -3790 301 2141 3109 
-3838 -4592 -2746 -4604 -3750 3130 3012 -4344 -2189 -1714 
-4710 -1752 970 498 -2852 1227 4553 -4210 -4881 3887 
-2220 -2269 -3904 2798 -3518 -3714 3128 4846 -3235 1980 
2158 -3528 -3910 -912 2493 -692 -3156 3299 -809 -2446 
-3626 -4117 -2165 -540 721 879 2195 -3286 -3987 -3750 
2497 -4986 -773 -1073 1835 -2974 -4966 4508 3092 3142 
-4464 4481 4989 3406 1580 4498 -3332 -1509 -3366 -2981 
4700 -1703 -394 -1980 2821 4081 -2588 -2762 3373 -1776 
-1 -3891 -4785 -2632 2481 -1762 -3540 -1707 -3533 2890 
1887 1474 -3691 -2588 1076 4621 1456 -4945 4956 2217 
4298 -3557 -4886 -2349 -4678 -3326 -878 -4617 -1652 1390 
-413 2771 4279 3022 2338 -2516 -4947 1945 4857 -4336 
2227 194 4192 -4932 1603 -4132 2251 -2721 2430 1583 
307 -2946 21 -789 -2598 4601 1993 -2611 -1079 542 
4033 -2752 -1636 4893 -1027 3750 -4831 3036 -199 -2649 
-1156 -3652 -4956 2585 -3073 1979 -4559 -1263 -2728 -2245 
3565 -4919 3451 -2062 2722 -3246 994 2884 444 -1348 
4946 -1505 -3525 4212 -304 2805 2088 -4772 2164 3455 
4475 4481 -67 -3233 -1700 -1894 1396 3095 584 -1300 
4597 -3896 -3722 -4346 -3268 -130 2827 1529 3948 4378 
1083 -3641 -3994 4848 -815 -63 504 -3293 -479 -967 
4020 -3459 3868 -4545 3794 -4669 -2268 4970 1144 4903 
-4240 -3307 2377 2672 -4591 3581 4732 680 -3274 4248 
-448 1253 -2258 1048 -4084 4202 4413 -4129 -2597 -3986 
3984 4149 4743 -1539 1508 -4888 3029 -338 -3037 -3964 
-4205 3957 -3263 1907 -2611 3178 -4618 3783 3653 -3430 
2317 -3354 -4748 3820 -1699 -2108 2876 -4938 -4091 4487 
-4367 -1712 -3923 1431 1656 -2855 -342 2085 -67 1066 
1971 -1202 1051 2408 -4750 -2673 4408 -1906 -2563 -1413 
1935 1034 -1002 4251 -4574 4374 -401 -3290 4559 -4006 
626 2049 -4334 -3088 -2944 -856 -1844 -2808 2088 -1203 
3731 62 3850 928 -2374 -1992 -996 -3039 4066 -2892 
4542 -2270 -368 -1294 2137 3616 4145 -2803 -3011 4723 
-2516 1168 2555 -2460 2135 -4890 2224 -4273 2653 -2269 
1300 3161 -2194 -847 -3951 -3564 -457 -4194 -24 -4160 
4995 3588 -4592 -2716 1810 -1256 1376 -451 -358 3016 
4783 -3434 -1285 2046 1658 -727 -3401 -838 -2458 -1275 
-366 3488 -1465 -3119 -1994 61 -96 -2193 2442 4752 
1644 2788 -2780 -4346 476 1800 -387 -1322 -447 649 
-2924 -3761 4109 -1259 -4139 1230 -3371 3815 315 -972 
-3142 -1375 -3101 2024 -3463 -4548 4340 -4583 4639 -3365 
-1332 2791 3456 -3417 -2308 -4894 4234 -2298 -2505 1635 
-682 3773 -1465 -3974 -1553 3464 -4623 -1385 3206 -4009 
1466 -1651 3604 -2212 25 -3501 -3215 -142 975 2605 
3525 -3616 -2284 4539 3598 3630 292 -4271 -942 520 
-2310 -1961 981 -3200 -1429 -2015 4700 3752 -1273 2465 
-2445 -2815 -372 -4485 -3668 3214 3435 -4326 -3271 4876 
4543 -1775 -3972 -3770 1323 -859 1756 4755 -1405 2217 
2443 -1277 -1491 -3319 4663 -1365 3129 4172 -3411 3869 
688 -1660 -2652 1500 -3159 2599 -1287 2078 -3438 2835 
855 -3694 -4164 2557 -4342 -2780 -2697 4107 -876 2878 
3105 -445 4239 -1806 -3959 -3581 915 4742 -2152 -4141 
-1509 1646 -653 2936 4531 2368 4842 -3574 2309 3428 
-2316 -4825 -3148 -1797 2575 -2135 4888 -494 4018 -218 
-4372 -3593 1254 872 -588 -3317 -4779 -2756 99 536 
-4703 -3698 4363 -2140 -3896 245 -2985 -4058 3990 4730 
-1738 3721 2859 4415 -3320 -1584 2175 -4370 4702 -1047 
3140 -3425 -2835 309 4635 4046 3587 -3418 -4007 -1860 
-4227 -3703 -2261 -331 3288 -2074 -4329 -141 4215 470 
-123 -2767 -4395 -3179 1455 3410 1035 -1416 -1020 1010 
-493 3297 -349 3261 3902 2272 -2697 3407 -796 3228 
-2851 -2468 3002 -3278 -3938 417 -4999 1901 537 -3030 
4284 4151 2256 -4363 -4279 3999 3382 2311 -652 -4164 
1495 1150 -1167 4913 -919 -1321 1977 -687 4706 -3039 
-642 -4475 2490 2834 2818 4139 -3614 -1624 -1179 -2751 
-3499 -3166 -3122 1746 -2194 2560 -2116 2864 4634 -3128 
-2979 -4444 -2081 -357 -2674 -3646 269 -2729 1796 1168 
4756 238 3963 3624 -2569 -1865 3293 827 1760 -1869 
-3579 -3927 -4557 -2461 4852 -3729 135 -4631 -3516 -496 
1746 1212 -3508 -4777 613 4831 -3549 -725 2600 3540 
-264 -3100 -3242 -323 -3647 4013 -3139 2051 -4302 2859 
-3377 -3749 129 653 -212 -4458 -1896 4533 -220 -2121 
2730 -890 -969 1211 -3830 -4963 -2833 3204 3864 -1723 
-3999 358 3677 -1706 -4752 -3530 2217 -2178 50 -1201 
2811 -2669 3415 215 4625 -393 -3033 4593 -4736 1596 
-3029 3124 4022 4282 -352 -579 3199 -3776 -1737 -1232 
4037 2599 -752 -2107 235 3693 3384 2720 -3173 -3648 
4048 -1807 -1090 -4871 -2335 2254 -3059 -2740 -1203 -3186 
3701 -3683 -3897 -4953 4576 2261 -2699 2921 3458 3797 
-1884 -787 -3439 3354 -3874 4681 4761 2466 -440 -4715 
-3889 1086 3679 115 -220 -136 2900 -1718 4764 -185 
2100 -2845 -3249 -1424 4029 648 -3504 -2305 -3762 4394 
-131 1031 -3201 -1326 -1082 -938 -735 2090 4113 2236 
791 -2532 -1652 -2930 2613 43 1637 -2762 4040 3426 
-169 -1891 4246 634 2022 3740 3463 2303 4237 2639 
-1516 2117 -4218 4987 4079 -1193 3706 -4350 -3692 1552 
-3351 4420 -674 -3747 -3060 -2168 -4932 -3709 3272 -1556 
-4299 -2435 70 3161 1450 -2135 3090 970 -2116 
