-473 
-4361 3037 3035 -3182 -3930 -4164 -2537 2962 -3458 2770 
-340 -161 -461 -989 -2291 -4783 3434 -4931 -4896 2870 
3025 1834 2932 -3216 -2403 -824 -2267 1006 -1741 408 
2014 1789 -1637 3828 4527 189 3202 -4828 671 -2680 
-3969 34 1203 3793 -2152 -4371 -2529 1098 -3274 2651 
732 -4167 1991 -2317 4395 -3157 -334 4122 -4503 3416 
-1856 -677 2740 2282 -4247 1468 -4307 1545 -356 -3841 
1870 -3896 4724 2695 -4786 982 -4841 -3012 -2845 1389 
-2528 -800 -4521 -2145 1136 4754 -770 -2638 -3072 -3021 
1206 4809 -2278 4152 -496 -2826 -2503 -2145 -2034 -4596 
-2738 -299 4846 -2150 1364 -1129 -1082 3461 -2666 -2920 
2976 3492 -2800 -1678 -4984 4578 -2108 -4448 -1885 4495 
-3650 3964 -61 -792 2041 -1435 -2663 -4903 -3037 2771 
-4278 -3168 -4786 -98 4404 3556 -3319 2875 -3054 -4474 
-3089 3096 3247 1734 3886 3211 -344 -3975 1451 4085 
-4475 -4215 -3116 3645 -4119 -3282 -2715 1579 -4937 540 
2271 -1647 3512 -259 3798 -4863 -854 1152 -2150 3067 
-4197 4785 -1815 -731 1767 1836 3026 4945 -2882 1692 
4909 -2439 -1350 4009 -3302 -4754 -3841 -2014 4167 -2895 
-237 3222 -4779 1857 -544 3049 3373 2519 -1304 -43 
-3201 -1537 2169 4927 -3412 3032 -1103 1980 -4507 -3044 
-237 -4540 -1342 2996 -3222 -1130 408 2038 1470 4204 
4533 -3903 4005 2559 -3171 -4341 -2612 4526 -2869 -2104 
-1835 4524 832 430 -2637 184 -2385 -3913 3252 4512 
2445 -2202 -2641 -1016 -1309 -2163 -850 1464 4614 -3745 
989 2644 296 3778 -316 -3408 -2672 4487 3009 -3053 
-1672 -4148 -774 795 -2459 -4543 -2654 -1902 -3172 -3893 
-1063 4240 -4045 -3322 -2919 -1071 1062 -3426 4334 2583 
2364 -1361 2997 1123 -3799 3035 4185 -4176 -1068 3724 
2202 4705 4123 -293 1807 4413 966 -4848 -1747 3991 
922 -4965 -3384 -2637 -2688 -3149 2441 -3659 2965 4125 
-3615 -4516 3154 1663 -4050 -4768 -4642 3797 -1317 -2312 
4771 -1661 -51 4431 -3794 -180 -373 -2057 -1173 -3757 
-1907 -3506 3889 -1983 744 -2991 2554 4998 -1800 -2722 
-3882 2451 3152 2046 -4304 -3689 -2593 -589 945 -2504 
-4621 3774 2723 -1580 4178 -1163 -903 -247 1894 3651 
-1939 578 -487 -4144 -4679 -2765 1266 -1230 -4133 -2617 
2686 -4428 3379 2247 -3725 -3386 3454 -242 640 -4123 
3432 4299 4729 908 4350 -825 4690 -517 -1550 1800 
-2854 2424 354 2357 -4662 -973 3178 842 -851 -369 
1721 926 4402 2205 2130 -4285 -2656 458 -4731 1534 
-4741 157 -2803 -2424 980 1770 -4038 3700 -4075 -2598 
-2782 2530 -3364 3150 1075 3667 3031 -2655 -2819 -4274 
-846 1806 -34 -638 -739 2099 3661 -4515 -4414 -988 
3035 -2019 3813 3859 -3321 4965 -3363 4270 2017 4674 
2498 -4759 -1583 -2754 -4585 3342 -727 -3819 4697 -2846 
952 -2489 -2936 3370 737 -2915 -2185 -2675 -3445 -3234 
4639 172 4026 4404 729 3599 3614 -1621 -2005 3250 
-2742 -102 3665 -3807 1735 4454 -448 2975 4282 -541 
-2920 877 -4588 -3908 4152 -2376 -4919 -1931 -4745 4964 
2228 -4802 -2528 3224 -4200 4619 -4932 2074 3641 2930 
-393 4941 108 -2171 556 3992 -4147 2464 -1086 -1047 
3584 949 -2901 4250 -150 -2666 1018 -2430 3264 -285 
-3051 2639 -2304 -2075 844 -2846 4063 1402 1609 -4708 
4162 -4766 -184 -4728 2673 3736 -2759 -4312 -2183 22 
1619 2341 -3358 -2318 -3685 785 -3616 -1395 981 2063 
301 3471 -2630 4054 39 3595 4236 642 2037 4344 
-4074 2571 -3520 642 -4777 -4598 -960 -3682 -3104 -3895 
-4187 -4322 4043 3898 -633 4580 -4609 75 1664 -1223 
-3310 -4808 2120 1440 3934 -3775 -2527 2359 3687 3758 
1092 -4610 2075 -4527 1963 -1220 -3781 -421 -1951 -1682 
-4358 -1087 -217 -4352 -877 -1456 -4807 -1087 -3760 -513 
-992 -78 -3720 3508 -3367 -1920 -4072 1177 -4490 -2430 
-3738 -960 2883 2677 -4014 2709 2043 2470 -1315 2819 
-3316 -4097 -4066 -1670 -1959 -1274 -4717 896 159 3074 
-1195 -4763 -966 -1616 -3856 -3349 -1800 -1499 -2719 -4683 
2494 -380 -2720 -4049 -2790 -4382 -4544 -4769 3753 -1191 
-2171 -4005 3913 -2406 -1291 -3653 4498 1366 -2494 -4736 
-3871 -2657 1511 -1450 2421 2010 -767 2261 3165 4632 
2096 1758 -4863 4869 -4146 -4652 -1375 -2944 1231 -2696 
-3045 3629 1578 2442 689 1495 -1529 3805 -4103 -2934 
-3735 -2645 -2425 -1184 1886 -3272 -4552 4617 -476 2139 
1552 -3711 -882 762 4679 -4355 -3416 3318 -1872 2182 
-4073 -3497 -118 1497 4421 -4807 4410 1902 2667 -3449 
-3720 -4712 -1409 -4666 -3511 780 401 -2378 -4467 1525 
-751 -4988 -1862 -1593 1731 4835 -3735 4083 629 -2659 
3167 -4229 -3200 -3515 -4705 -4281 -899 -1330 -3843 4390 
3386 2049 822 -231 -2995 1531 -3153 3340 -3367 -4843 
1851 -3210 1663 -3463 -1391 -1724 -2042 2561 -4899 -15 
173 1825 3174 -1208 -1487 3144 -2912 3869 -613 2531 
4531 -2039 123 -2764 4763 -2556 -4949 2433 -1999 1720 
-2435 3807 1946 3204 -1722 -704 639 3838 -4001 3067 
3693 2957 -4342 -3589 4029 -3739 -4094 -3238 1990 -3276 
70 2288 -958 3965 4247 3430 -1057 -4941 -4400 -240 
-409 -3736 358 3051 -1038 -2170 -65 -4429 3882 2622 
-4072 -1207 -4321 -4192 -1454 -3406 828 1082 2924 2627 
1258 -3436 -265 1451 -1581 -1125 -2698 -3038 1498 4252 
1476 -3375 4937 -4796 1275 3986 -3893 933 2962 1802 
1675 4508 -4778 -4509 -2467 -4383 1325 3103 -4884 4047 
3687 -3431 2819 2708 2453 2158 -3857 1515 -4529 -2531 
4468 2008 2064 -4165 3808 -3644 -475 -1750 4957 -182 
-826 1355 -3429 32 -1228 -3311 3021 -4566 276 824 
419 -4469 -3046 502 -3640 4910 -1142 1777 -3395 -1403 
-3190 673 1653 2975 -4996 4359 722 -4577 3419 -4738 
1616 4986 -4748 -2704 337 2082 -3896 4764 4281 -2959 
-2834 4343 3946 3799 -3874 -351 -4525 -2808 -4933 -934 
-3820 1952 2320 -2699 -2010 -3927 -2737 -1141 3881 -4002 
4214 -2253 -3907 -1552 2292 2384 1188 -4103 4154 -132 
-3720 -737 3092 -3132 -2342 -532 4778 -221 -4485 -453 
-3470 2483 462 229 2105 -3071 -1523 4493 2994 
