-2691 
-409 191 1283 -4897 -3502 4483 -1804 -1645 226 -753 
-2063 351 -2573 3691 -3780 4142 -4170 4840 -3339 3970 
-640 -975 -3221 283 -3642 -353 -4813 1640 -136 -4515 
2686 -4467 1356 -3636 -4714 -3210 -2020 2600 1721 -4245 
3762 -4790 250 -1244 4035 -1330 2212 -3105 4202 2760 
1168 127 -2217 -269 1689 -2856 4055 -3430 -1858 1401 
-1275 -4629 -2728 -1896 -4831 -3960 -4180 -3484 -943 4192 
-4093 -2089 -1643 4158 4504 4634 4943 -3872 -4286 -482 
-4238 3786 -2733 2168 1051 -516 -48 317 -4146 -4094 
-302 2751 -1678 -3014 -3445 -4154 1215 -4213 301 4690 
4998 1012 -3544 3135 -3806 4963 -1565 -3638 446 -2169 
-387 -1228 119 56 -4956 -907 3748 3797 -2938 435 
-3021 2942 1110 -958 181 -3292 -399 -3010 -4243 -2226 
4881 -25 4165 1261 1425 2684 1 2097 -413 3340 
536 4765 1919 1592 193 3769 2252 1997 -2614 -905 
-828 -1695 3199 -1432 -4861 2955 2760 2896 592 4408 
-4397 -3001 2752 4828 -4315 -415 -474 -3082 -4181 2865 
-1297 -4009 2134 1593 -4242 -3213 3910 -4507 -3549 4697 
4870 1017 -3518 4912 -1944 2039 -3951 2658 -4094 4822 
1601 -4386 -1894 -3169 305 2728 -2690 -1846 -945 -3628 
-4233 169 -1967 -4237 -3681 -2269 -3389 -3891 816 -1372 
-1599 4800 4335 -2814 -1848 343 -3287 -2861 1304 -4353 
-2532 973 4284 -4474 -3303 703 -4563 -4588 -743 -2722 
3428 -3777 -258 2514 -1441 -4871 -3365 1811 -4922 3181 
-1770 3870 3134 3706 -4691 -1092 4621 2095 -3433 -1212 
-1825 -3400 3917 -2641 -4583 -760 -4648 -659 4780 -4360 
3132 -745 -1588 -946 -1818 2933 -4462 353 -1982 609 
-354 732 4017 283 1649 -1695 4248 2238 -246 -2160 
1100 4738 4367 -2168 1421 -4637 -4801 957 -1408 147 
-3530 2731 3010 -4404 432 2090 -2391 -4408 4657 418 
-2131 3957 1157 -31 2120 -237 -3549 -725 73 1375 
-3001 4353 2639 -2731 1857 -3931 3076 -3343 -4888 -4948 
4248 -489 146 1493 -2880 -203 -1736 -38 -4914 261 
-1354 869 -2253 -2937 33 1205 4259 -194 1548 1088 
3096 809 460 -1413 2985 -4667 1355 2903 4443 -3406 
2826 3310 3464 499 1418 4992 3392 -966 3036 -825 
990 -1533 -1033 1041 -3859 -113 2891 -609 -1766 -4796 
-3084 -3527 -3909 -4061 1057 -2331 -4448 -357 -4923 2648 
-3063 1436 62 3851 -2071 702 4628 -4383 3913 -3069 
996 -823 -3760 -1590 -4178 -4241 4002 1605 395 -344 
-4842 1885 1267 3646 3228 4149 366 2296 4302 2045 
-1559 637 -25 504 4732 3274 2642 3312 -1607 1251 
468 -904 -3721 -4249 -4932 -4415 -4623 -3593 -1862 -4927 
3865 -1001 -1618 3074 352 150 -1630 -729 -4918 1643 
971 4452 3901 -1231 -2869 1262 1563 -2716 -4085 4353 
-2703 796 -1000 3121 -4625 393 2251 -4446 3608 4320 
-3875 668 -3028 1829 -1590 -2407 357 4553 -2154 1585 
1486 3991 -3859 1609 -117 4425 3375 391 404 -1008 
3836 -1783 -2572 -3052 -2083 -2490 -110 3705 -4124 -4988 
-3075 -4302 1396 -3092 -1491 2730 -4781 -132 -2728 -4623 
-3394 -3877 3746 -2205 -1826 -3374 -919 -3984 -1093 -3447 
1760 -3849 -1426 -3408 3609 -2108 -2981 2751 -3447 -3540 
111 -2049 3239 -537 -154 4299 2388 -4611 400 1617 
-2478 -1229 2068 -1170 -1618 616 -4026 -2855 4624 -1492 
-1915 -2370 181 1153 -4392 -3234 2170 -1628 -4197 -1452 
4443 4077 4132 3963 -803 -4444 -2933 -4673 4873 3671 
553 -4302 -966 -4694 -4192 400 -4662 -4274 -2709 4708 
-553 2357 -569 -4820 -3588 -667 -4573 1627 -4595 4155 
3460 3822 -2238 3842 3196 -4527 -1512 484 2812 -3838 
2884 3311 -4409 -4971 -3222 -2356 -903 -4790 -4163 2732 
4887 -4611 -312 1812 3929 -19 780 -4869 134 4127 
-117 -3502 3342 1171 1364 -4013 3102 3271 -4768 3468 
992 -2278 157 2990 4273 -4636 3384 -3295 135 2389 
4528 4187 -2398 -3605 2985 -3391 -3279 -2441 -4033 3164 
-391 2818 -1861 448 2962 -4820 -3078 2617 -4269 2678 
-2180 3063 -2017 -3695 3851 3260 -2401 2518 4061 1666 
4050 -793 -1589 1746 -2414 -538 -1517 -4189 -2887 1588 
2539 -2848 4276 -3684 4215 4846 -4937 2418 3996 476 
3505 -2618 -3850 539 4321 4030 -4825 -3456 -4583 3443 
4449 -4505 131 3226 -394 2778 4769 -2539 1294 3971 
-360 -3973 3417 -3474 -2128 4374 3653 -3213 1013 -2405 
-2734 -3517 -3374 -3328 3316 3728 -2529 -1607 -1239 -1790 
888 2387 1692 -3353 129 2916 -4647 987 -4842 3330 
802 -568 231 212 -591 -177 -2556 1270 -4802 4392 
-2587 -4287 -3468 2199 1374 -102 -3313 1487 4593 1642 
1593 -4501 2180 1966 4438 -4325 -2812 -4033 -1988 252 
-4694 -4396 2358 -3973 1741 3767 3675 219 3352 -3114 
4634 -3195 2254 -4549 3945 1055 -2661 2014 -4865 -1840 
-2995 2473 3007 3059 -3693 2092 70 3082 -3084 -718 
-474 1861 -4924 115 52 -3085 -3278 -2772 -2738 -3399 
-3499 2236 3713 1425 456 -3599 -454 -3340 1891 -4734 
-3732 -2582 -1507 -3970 226 177 831 3813 -2523 -4067 
1850 -1020 -4736 1743 2108 -3401 2242 -2023 1887 3115 
-1965 -1343 -4430 98 -4309 2212 2172 -1558 -4273 -2739 
1246 -4192 -1874 -1578 4232 -559 -4405 -3682 3855 2705 
4283 -453 -4083 399 -2590 -2302 -4342 -679 -3975 1653 
-3590 3164 -2717 -2676 -1913 -2849 -209 1383 3409 -4864 
2768 -1485 -3374 4319 4092 1355 -3674 -950 -1726 49 
-3205 2712 4080 3037 -4490 -4678 -1196 -2299 -2777 -1857 
4465 1406 861 23 -4125 2642 4893 4602 -489 2178 
2639 -3510 -2235 718 -4663 -154 -4785 -2574 -656 2113 
3615 115 1612 -3854 4732 3771 -3284 4749 1869 -95 
4378 1298 2129 -3811 -1728 -3372 2574 -3478 1835 2029 
4313 -3907 798 4496 1237 -3963 -2006 1503 -417 -1133 
-755 -3826 3786 -100 -3655 -2920 2838 2908 1479 -3872 
-3081 -3971 779 1547 -4909 -1255 3066 -3172 -1509 1053 
841 4607 -2067 1182 4679 4826 3290 2352 -4242 -3231 
-1516 1701 -2778 4154 -1158 195 -421 3488 967 -2903 
2511 -1109 -3384 -958 -4909 16 -4611 -4389 -637 917 
2625 -4270 -2849 4808 77 -1776 -927 -4864 1914 -3351 
-2436 -2348 -2522 -2560 321 -3509 1193 -800 -2328 644 
-1272 -455 -1619 1687 1513 2712 2057 -3798 2104 4346 
979 3945 793 -2542 3782 3472 -816 89 165 2299 
-2546 -2219 3964 2832 860 -3074 3592 2843 1133 4220 
-4166 -582 1694 4485 -4344 4074 -2718 -714 -3035 4130 
4748 -4769 -1341 4638 2235 -524 -4635 1503 -4803 -398 
1065 -367 -4627 319 518 2749 1663 3716 3475 3776 
1311 -4497 -184 -3716 -1356 1636 -471 3133 -3590 117 
3952 3423 -2896 642 4538 3710 -1457 3506 -3995 -4595 
-435 -1086 4583 -325 -975 701 -3901 3443 4423 -4835 
3336 4612 -506 -4832 379 -4992 929 -2721 4886 -3144 
4811 1196 -607 4840 4462 -4326 3216 -1681 3661 -2399 
1421 4514 2472 -4335 -2313 4178 1344 -2761 -4342 2091 
-356 -354 -3759 4349 -1428 -4488 2666 3264 -2436 3182 
-3687 -2012 747 1460 -4256 903 -4692 1983 -3778 2075 
-3348 -5 -4891 3767 70 -1479 -192 -1428 387 1190 
-844 -2373 2102 -3438 -586 -3259 -3449 -2065 4061 -2285 
-2626 440 -214 -4281 -2397 1716 1542 -4733 -2061 -3285 
2010 3337 4470 3560 -3355 -4606 2782 2704 1769 -4189 
4866 -4318 -4601 2892 2541 -897 2541 -3549 3792 -452 
-1971 1697 -385 2869 -3489 -4309 -1653 4645 3098 4420 
3851 803 -4033 1376 3649 -1425 -3850 -4468 -2998 -1074 
-3139 -3011 309 -1518 3741 -1977 -4024 -4051 -3296 2895 
-1457 1031 1345 -4158 -2185 -1922 -910 2758 -3397 -4130 
-2732 4914 508 -3790 4866 -2550 1382 -39 -1249 -690 
-3840 -1076 -239 -2044 2900 4767 1310 -4014 624 -427 
-4554 1936 1404 1545 1329 846 -2995 -2533 -2949 -1774 
1114 2888 -244 -1099 2413 -1314 3485 4798 4444 45 
3960 -1474 1353 993 4847 -3458 -1594 -112 -3152 886 
-1027 3471 3704 -4112 -1905 -3414 -4155 1309 -1813 -4845 
-384 918 209 603 4043 1365 40 -529 -2009 -2428 
-2499 -4204 -3702 2278 3485 -3850 -3809 -4043 -3980 -4466 
1341 1356 -4985 -606 -3891 -3722 -545 4593 -1162 -3641 
-3369 -2641 2939 -4966 -2664 -1442 4152 -4342 -4637 830 
-1287 1908 4799 -1178 828 2493 -3341 -797 4791 2464 
-1018 1872 1853 1627 -4059 -1577 -3011 -3381 1446 3111 
2027 -2044 810 3015 99 2293 -633 -3527 -2580 -3108 
-3673 4355 -1558 -4074 4011 906 1462 -534 4789 4287 
3041 471 1188 2639 -1242 4298 3217 1590 4832 1333 
-4854 -141 -4019 -804 3468 -2382 1105 865 4454 3174 
29 -3149 -2084 -1179 -3102 1427 2393 -4295 -111 -1977 
-3319 2723 -4204 -862 -1114 -2717 -4254 -3501 -2959 -3515 
-4945 -4867 3987 -34 -3726 471 -3915 -616 2892 -4635 
-3059 -2341 405 1847 -4455 -2132 -2039 -575 -3215 1514 
-1661 -3109 952 -4842 4841 4073 -3789 4355 4280 2029 
-3650 1727 -4463 -4661 -709 432 1796 -2226 -1124 -4142 
-676 -375 755 3568 -4180 3793 1672 -2142 2440 153 
219 -426 -4873 2094 -2278 3265 -1113 -2668 -347 -185 
1905 3680 4352 -3046 -4450 -4904 1961 -1568 -2485 -2841 
3562 2840 3961 -3306 2177 1950 -1447 199 -2513 -1059 
838 -4173 2542 228 1874 -4744 4775 4204 806 -2581 
818 -199 -3292 -4620 -2546 63 -1473 154 3556 3014 
1710 -4180 599 4385 1756 -1166 -1857 -1508 -4732 1411 
-2617 -475 3355 -3192 -1277 1229 -4786 -4703 -4762 4462 
3166 3126 3667 2318 -2679 3889 -3662 2741 -4101 -3446 
-4779 636 4901 -4525 -821 -1658 2892 -2474 -4827 -3709 
2101 -2165 24 1811 -1184 3742 -1150 504 626 -4959 
-2864 3247 -4536 -4146 47 2785 -4312 1567 4882 -2300 
490 1249 -1244 -4841 1992 -1018 2766 -3649 -3822 -4838 
-2325 315 4036 -4519 -1655 -3746 1276 959 899 -2146 
4135 4608 1069 -3671 -3109 -2711 -3072 -1512 -166 -4698 
-3225 -4090 -3483 -4058 -4455 -4910 2895 -3509 -4744 2770 
-4348 4423 2408 -1525 -630 -1276 -1516 -129 -3817 -3534 
-4802 -2281 2307 -3050 -4699 4961 799 32 -3604 2427 
-4442 -1346 -1095 2129 -3805 480 2091 3571 -1933 3756 
-2416 -1478 -484 -3869 4021 -2212 1407 -3533 -1921 2398 
4218 -4210 4426 -2518 -4976 619 672 -3038 -2531 -1332 
-2644 3939 4741 -3056 -3104 -627 364 -2231 2788 1154 
-420 2128 2191 -1683 -2638 -4137 -3254 -4555 -4935 -4016 
-3725 2898 4684 -4627 -848 -1904 -4522 -3000 -4314 -1599 
1340 -237 2136 -232 1501 -3374 -2125 4451 2329 -3912 
1610 -4200 1744 3023 4717 -412 -3220 -4356 -4529 511 
274 146 -4584 3156 -651 3638 -4936 -1008 -2596 -2461 
-4114 -855 4852 799 -1816 -3167 -2888 -1315 3244 2426 
-447 -1531 3190 109 4953 3457 2306 -3674 1220 3945 
4668 4994 3041 -879 -2346 1515 1373 -4543 -2566 1475 
-2150 -2411 -4447 1776 -3698 1238 -236 -3305 2318 778 
4833 2156 -804 -2841 4511 1320 2910 3278 3605 3548 
2130 1221 -3303 -2763 -81 1445 -1659 4576 -851 454 
-2274 -1280 4408 1495 2167 974 -3551 2530 4563 -4447 
-3291 2319 1515 -2018 2578 -1912 2143 4081 -136 -4834 
-4000 4525 -420 4378 -3731 1296 -1997 -4282 1564 -4501 
-4772 -3603 -4084 4080 -2017 271 -4216 4140 2981 -2966 
-2914 4248 423 1094 897 -3654 -2052 1935 -3923 -2318 
3373 -2599 1145 3554 -3892 -3233 -4015 332 3237 -1092 
-4316 -2605 3555 -4194 -1829 -4453 21 -3305 1356 2466 
-2253 -906 2493 3795 -3092 -2283 3789 -1896 -1215 292 
-4112 -1184 1544 -1673 -1639 1490 -4359 3724 797 -2319 
3805 -1953 -4971 -4528 537 -2351 -4220 -1480 821 -2554 
-3590 -1833 -4943 -4962 -1704 4315 154 -4362 805 1744 
4426 -496 3505 1590 -4210 4656 2312 1910 108 -199 
-1991 -4218 -3260 231 -4569 427 -4954 2878 -3153 3039 
2916 3731 -3861 4484 3386 -2358 -2873 -1128 4699 -3328 
-4238 -4295 -3330 -4871 4280 1978 841 -2371 2557 -2282 
-2708 3230 -1652 2788 -383 3693 1457 3980 -958 -1107 
132 3786 -2308 -2104 -1689 -4320 -4637 594 -3263 -4831 
1158 4395 1213 4987 -2987 872 -2388 3364 1968 -4844 
-1534 1769 -2559 -3005 -3408 -4046 -3908 1191 -819 -1126 
-1978 -3225 -3254 78 4308 -420 1126 -2956 -1146 638 
-2768 14 692 -3713 3979 2847 -1657 3493 -3673 
