-2597 
3614 3964 991 -686 2069 -3560 1609 -4328 -4228 4957 
-786 -2981 -4250 1903 -2495 -4568 -4127 -4837 748 -2660 
2324 -1529 826 -2215 -617 -4997 4230 -3476 1207 4209 
-4172 -3683 -3686 -984 2414 871 1520 4319 1361 4472 
3290 -432 762 -1813 1103 -4677 1739 -3372 3373 -1899 
2898 1419 -978 4624 4012 3661 2923 -3587 -3674 2144 
4468 -961 -4044 1142 1937 1186 4374 -381 2995 -1908 
-4617 -4766 4014 -3773 -2665 -300 4683 -2657 2476 -3061 
-1719 -976 -4619 2087 3652 -3341 -2705 -1042 313 114 
2347 193 3800 3882 -3088 -803 555 2289 -3155 1055 
-4570 -4249 4498 1980 -3168 -772 -4689 624 1953 1459 
1884 -1947 -740 1829 859 -2602 -2529 -4391 -2084 1220 
-3512 -3902 -2257 -1319 603 1657 -1873 -1765 4961 3837 
1789 -1437 -3133 4761 -406 -2529 1655 1493 4745 -4859 
-4214 1711 500 -2375 -4001 2875 -4946 3297 839 4744 
3177 1190 -3663 -1482 -55 -2034 1988 -4171 169 -1416 
4507 1503 2076 -2121 2752 -263 4390 435 -580 3941 
3213 -4676 -3539 3756 -3846 4817 -2487 -2854 -3708 -1920 
4291 650 -4017 1118 -3156 -3243 1137 -3703 1403 405 
3669 -1764 4032 654 -4668 -141 -4059 4767 -1792 -3360 
4854 3349 1971 -4403 1667 2721 -488 -2477 -2765 -2373 
-4041 -4838 3004 -1241 2071 1986 -2288 3287 1647 1506 
2473 -4527 4861 2222 4937 818 2859 -3986 -3301 -4445 
-4033 -2179 -4594 -1044 -4046 -32 -1805 -4650 -396 -392 
-1003 -4075 814 -4151 -3207 -3259 -2761 -3717 -330 4116 
-3445 4848 -3770 -3871 -2728 1544 -3123 1220 -2053 -862 
-70 -4418 -2885 1684 620 2466 -2380 -4132 -4218 -1068 
-4472 4743 1046 -3888 -4864 -1741 -1581 3886 -4343 -4767 
5 -1659 -2611 4397 -4423 -914 -1665 1472 -2235 -4757 
331 3749 -4823 -1129 -4996 2971 -9 4207 3104 315 
-1196 -1470 1978 -2966 3727 3653 2423 -3295 -3023 4490 
1555 1563 4262 289 -2339 -3889 -3637 -3937 8 479 
2072 1503 1731 2880 -608 -4473 -2485 2395 2343 4204 
4991 -1789 -3724 -4712 3716 4856 103 -757 4314 -3221 
4508 1695 -2465 1203 -3760 1217 -2669 1071 -1997 4861 
-148 4077 -241 4473 -2453 -4245 1401 -3804 -3570 -3364 
1989 -592 -4921 4045 -913 895 3869 -216 2567 -2262 
-31 3032 2156 3655 724 -2881 -3700 3772 -2729 -59 
-1606 1055 3795 -1791 -2654 3855 -4837 1181 -4262 4841 
-1938 -3355 -199 -764 2689 192 3836 3118 2860 -4029 
-3770 2618 -2236 4066 4008 4601 2154 -4520 -2479 -4166 
-1359 -3192 -2696 -931 -4938 1397 -3160 3516 -1589 3087 
507 3195 4324 -2352 -630 4494 -251 4150 3460 4733 
-517 2465 2765 -1868 -3013 -3633 -1208 2078 -2615 2262 
2312 -3325 -3718 -4654 -3628 -1665 2475 -2945 4042 -2987 
-2429 522 -3243 -924 -42 -237 3617 -4312 -1524 -1467 
1070 -2636 -4639 -4647 2099 -81 1678 4312 -2890 4173 
345 3872 -1431 -4736 1480 4345 182 -2866 459 1176 
-4225 -3468 -2325 -2348 -4289 3611 -1923 1223 949 4714 
-2468 -1689 -2813 412 4950 4997 -2047 -4988 -442 -907 
-3033 -482 -2206 -1776 -2021 4728 4741 4950 2424 1521 
735 184 -2880 -4976 4667 3765 4930 -1528 -910 -4844 
3567 1466 -737 3570 -3030 -644 -4462 2187 2303 -1559 
-4135 -4674 -3450 -4407 -676 4732 3255 659 -1449 -3807 
-3041 -1904 -3842 4775 -284 4065 -757 503 2150 -4124 
-996 -1039 1927 4466 763 2286 220 -2547 4478 4756 
-4620 3864 1216 -22 3145 -649 -2641 -1219 2596 42 
-3688 2226 2294 2308 -3121 4380 692 2160 -1452 -2607 
2514 4118 -574 -2920 3044 1930 2810 4789 1377 4037 
256 968 -3255 4633 3747 -3165 -3016 4895 -77 -4437 
-3701 2324 1710 -447 1571 -2621 1420 -63 967 -2492 
-3828 3546 -4193 -3498 2030 1615 -3345 -1000 -4605 3757 
-4944 -3777 -1343 1663 -1323 3795 -1957 -1361 -2596 -1430 
-4896 -4834 1843 1113 3811 2565 -1890 -2920 -1636 -1652 
-282 -4763 4925 1499 -3548 -2052 -3145 1711 -3713 518 
-2275 -240 514 -32 1065 -4655 -2751 -1442 -2098 -585 
-3315 2798 -3409 -2515 -1195 -3055 -3570 -1993 -2896 -1512 
-873 -1978 -87 -2596 -3171 604 -3718 -1615 -1531 -4752 
4796 -4517 -1774 -1516 1646 -990 4465 325 2324 -4174 
806 3843 -1022 -2218 902 3921 2249 -2715 -4633 4975 
-1616 -2467 3492 -1129 -4457 2992 3126 -4668 -2695 -3412 
2576 1610 2224 -176 4537 -4798 -3011 -2372 3135 -4652 
-745 -3337 1754 4490 3076 2567 158 3538 1030 -707 
-2666 453 4728 2382 -4227 -458 -3911 -2087 4270 813 
-2136 3574 -2288 612 705 -836 -2022 -1391 -4746 3414 
2493 -3802 -46 1830 3889 742 -4822 -3253 -3456 -2024 
2261 -2945 3795 -688 -1987 52 -3047 4653 358 -4992 
1631 1757 -753 -794 -4755 4648 -4905 -3945 -2611 -3013 
-2974 41 -4751 1859 4588 -3753 -4891 -4595 -1107 4921 
-4925 4843 4077 -1179 -106 3242 -2471 -4666 -2991 322 
-4585 -3188 -3136 -4771 -2617 -572 -3393 -3460 -421 -2790 
-3014 -1802 297 -1044 -283 -1646 1581 -2704 -243 -1896 
-4764 3305 1902 4947 -4361 2534 2759 1817 2740 -900 
-181 -290 1044 -2747 2537 4485 72 -4808 -3938 -3847 
1061 -3733 1273 3531 466 -2313 -2961 4909 -4081 -3477 
1393 -3649 1560 -4109 4939 -3865 2666 3066 -4034 -4730 
2214 2766 -3440 3641 1892 -4508 -2334 1293 825 -2005 
1778 1015 3004 2100 -4334 -3374 -2427 1538 -3271 -4982 
-4697 -3137 2793 -4455 -3535 -2784 -3999 2224 831 -550 
2307 -2119 4694 -4475 -3224 -22 2559 4847 -3981 -3619 
-509 3716 3683 3997 4361 -563 333 707 -3701 -874 
-4406 -1854 2304 2021 3181 672 -650 664 4200 1302 
-2099 3181 1022 122 -3668 952 76 -1909 4206 -2735 
-2188 4524 3325 4940 -2694 -4363 3411 -1763 -877 2422 
-1268 -4853 3274 -4739 3904 -1212 997 1834 -4673 4625 
4247 4657 -2866 -84 3336 -3488 2385 -673 1666 -2222 
3481 -1777 -291 3923 2528 -4135 -3459 741 1155 -4612 
-4902 -4766 4368 2071 -4991 -3933 -817 1956 3897 -208 
1381 805 3688 -2151 2807 -4995 -3081 -540 3821 -4685 
4051 1416 -3641 -3709 -2410 -406 3636 4005 -1882 -4378 
-4848 -830 -2228 496 4573 -4316 -2825 4539 -4522 4941 
-4015 2122 4672 -3013 -4334 -4827 -2542 2426 -1339 4799 
711 -1413 3640 -3723 4305 2500 -3449 -2791 3360 4648 
-3941 -208 -1549 -2440 4175 4680 894 -4919 2372 -2145 
-1619 -3608 3349 -2944 1464 -1268 621 -337 2951 -3077 
4664 -3130 536 4895 1368 4977 -2962 4810 905 -2440 
-1412 3624 -10 -198 659 997 -3283 -622 -487 -2866 
-4592 -2539 -2725 3580 -4242 -4823 -1804 -2322 -2638 -4147 
1101 -906 1946 1748 -4585 536 -3462 -4973 839 878 
-1358 -1746 -4686 2847 670 942 -3126 1313 -1908 -1466 
-1513 332 -2685 -1994 -4663 -3759 -2270 -3345 -1284 -3989 
3063 -2985 -4179 2005 -2191 -3216 -2355 -4883 -1480 -3483 
244 2519 -4725 324 -297 -2460 3386 1698 1517 -2731 
1910 1211 1583 -1830 -1435 3945 -4306 3808 1931 -2152 
1513 -3541 -3339 2391 3743 2880 3239 2753 -1375 -1210 
-4951 -35 3580 -1523 1693 4386 2566 704 -3740 4831 
-1034 -2681 994 -2870 -3863 4689 1391 168 -3661 -2896 
4079 1933 -3053 -4939 -4540 -4508 -4710 1405 131 -2752 
-4532 -4980 -1611 164 4663 -2807 1838 -1056 -3419 1418 
1315 -2627 -4307 -382 -2617 -2708 -4801 7 -3609 -1399 
-4785 -3351 2504 -2794 -4447 1169 -2099 1333 4678 1430 
3437 1285 -1146 -2187 -2524 -2126 1103 1266 -2200 4854 
140 -694 2335 4020 -4647 939 -2129 4422 918 -2442 
-3001 4373 -405 -108 -1412 4314 2507 -2553 4182 -1869 
-1156 -1806 717 -4536 -2058 -2740 237 -1874 4297 2992 
3650 -1909 740 4536 1472 2043 -765 3292 -2607 2531 
-1607 1318 -3291 -3116 -529 3976 -907 -2669 395 4336 
-4359 1142 -3180 -2294 2587 2737 996 1222 1275 4689 
3904 -1172 -93 -247 -2251 3357 -3522 1916 -4189 -4388 
2869 3514 1822 -4195 155 4270 4162 -2563 1066 -2857 
-793 -1645 908 -1178 -2411 -3707 -2193 -3289 922 877 
-3053 -2700 -4934 4925 -923 -3946 -986 -208 -4831 2845 
2880 -4540 3203 -78 -4419 -3915 -737 635 -4292 1276 
-301 2527 -1961 -3432 -247 1130 -536 3819 -2879 3347 
798 3480 4750 -35 -2209 -2869 2879 -4437 -4049 3946 
-1807 -4457 962 -1606 3747 1124 -1313 -3930 -1205 4354 
2711 3420 -2297 4611 -3836 -3417 -761 -468 -3756 3236 
489 957 -4424 1295 2244 -4571 -3496 2686 3945 4736 
154 3698 4566 2226 2674 4137 -3698 -2856 -2436 214 
1878 2541 4792 3189 -4064 2410 3030 2089 -739 -3006 
-1710 -4503 4319 -4259 385 -4565 -4643 -365 493 -1473 
-341 -4852 3388 -4224 -2167 1077 584 1030 4650 -2410 
507 -2017 1704 1042 -166 -4865 -4459 -2706 -2812 -2682 
853 -315 1450 -4287 -2997 -3749 2224 -2445 4546 -1663 
1765 -1483 3853 -2040 -3472 4684 -1792 1786 -3413 -1813 
-3744 2725 -4011 -2312 4296 -2791 -3261 -2029 -4193 -1483 
-2634 -2956 -426 -1955 2595 388 -2154 -3842 -1730 -2912 
-1367 485 -3880 -1015 2343 4989 3388 2703 4901 -4457 
-1932 3343 3337 -369 -2879 954 -1488 1596 -1797 4568 
3540 2152 1397 -643 -648 1249 -4843 1259 -3562 -2976 
-2429 2312 4812 -696 384 2114 4625 -2367 -3112 -3504 
1022 -491 -3797 1162 -981 -1190 4424 4412 4343 -2670 
2411 -2505 3693 463 -4407 -4344 -3053 -21 -4711 1453 
516 -9 -3418 -715 -2431 1218 -366 -1912 -3357 -4820 
2893 -569 -251 -4884 423 -3995 1183 -2417 -2478 -3690 
3541 2434 -3125 -3754 -4030 -238 -166 654 -817 881 
-1529 3794 -199 4092 -832 -2625 1458 -3077 2745 1251 
4630 4808 3603 2029 -2912 -3004 3952 1927 4158 -3306 
-1018 -2864 1763 4741 1826 -2753 2059 -2984 -3058 4069 
4020 2108 -1562 -1965 3228 710 -3400 -3508 4933 -4150 
-389 -2660 -2576 -2260 -3071 -2951 -887 -3180 1039 4376 
-4049 -1833 -1220 -1005 -809 -4717 1288 -3382 1793 1547 
4384 -2760 3947 3316 4415 3623 -3820 -881 -3513 2630 
-1788 -1063 1152 -2678 4155 -1377 -112 -3901 3031 -539 
4188 1265 4857 -4247 -4003 1766 4378 4900 3079 1869 
-4710 561 4262 -3492 -182 129 2186 4166 -3973 3709 
4916 2324 -1818 3086 -3455 3557 4861 -2774 2439 3027 
-3887 4063 -3074 4665 4550 4485 -111 3106 1476 2095 
3269 -4254 816 3619 3321 4299 -4678 2442 -1442 -2567 
3816 -1542 -2920 -113 723 -526 -4010 -1898 -2896 -4331 
3647 -3934 -4303 -1494 -658 808 3453 -2717 -2881 -483 
1934 -354 -3814 -383 1385 2633 -1520 3580 -3020 -3879 
1363 3655 2579 -4772 -4421 1246 -1613 2476 -3754 2708 
3818 -4345 -16 -4312 -2514 -594 4243 3926 -794 -2277 
3456 817 -4434 4599 -4513 -2688 -3537 -2598 1299 631 
-3090 -1468 3922 -8 1795 1003 -2348 4569 -4514 3510 
-438 519 997 -4918 -4671 1211 4480 2115 998 1340 
-4103 -3803 380 -938 -4978 4435 4779 2361 1961 2848 
-4788 -4955 -2702 3012 -3885 532 2930 -2111 -2052 -3128 
236 -2810 -791 -2856 8 -4108 970 2501 3583 3488 
-2 -1631 -3170 984 -4294 690 3012 -3558 -3000 -3084 
-1458 -3759 3825 -3043 3158 -64 -3923 756 1127 340 
-4246 -4284 -4619 2406 -4980 -4882 -262 -2082 2836 -2803 
3459 -882 -2876 4494 4525 -1746 194 -2849 618 1107 
3339 -4409 -4984 -26 -1846 4279 -2124 2882 -4263 1375 
747 -2066 535 -3564 2033 -3220 -3222 -4399 2757 -1120 
-1273 1787 1141 -3899 4816 586 -4818 3757 -3523 3204 
-3785 424 -3986 2700 478 4327 -1680 -3460 -2333 -3072 
-4722 -2738 -1868 -1867 858 3217 -3096 -3328 -3636 521 
3616 -3918 -614 3304 2027 -2499 3769 -4483 -247 -1634 
4595 -3078 -3454 -4881 -1735 3946 4936 -3605 -2614 -4494 
3274 -1340 -4091 -2552 -3925 754 -4532 -1983 4002 -2820 
3914 -2337 547 252 -2570 3787 -3954 654 -1528 -3217 
-4362 3609 1995 4152 1189 4657 1587 -2502 -2386 -532 
290 4564 -653 3396 2630 661 3816 -2036 -2252 -1121 
2936 4903 -4949 -2726 3766 3397 114 -339 4262 -1137 
1668 1577 -3314 -2171 766 2358 2551 -4458 4037 -4318 
4184 3648 2141 4871 3365 2424 -4072 -4675 2580 -179 
1260 4384 -1088 -4824 1960 -3469 2705 -3514 4871 -3180 
2268 -3063 4358 -3214 -4041 -2740 -2365 1245 -4128 1942 
-3609 -2243 -2162 4160 -2843 -4635 -2664 4074 -4381 4025 
-2731 1499 -1335 -1874 2740 4840 -4920 2305 476 1767 
1005 -4454 -442 -1580 -3131 690 -1494 -3980 -3261 -636 
-776 -2168 1520 -96 -87 1348 -270 3829 4404 -2895 
1472 -3728 -2460 527 37 848 -246 -3297 -4124 92 
4944 -2320 -2005 -1641 2926 -1640 2250 4034 3056 -2186 
-3147 -4189 -3721 3157 -4984 773 3727 676 1660 -1408 
545 2852 -4649 1274 -3270 -447 -1608 -2 -3572 613 
-397 620 -2349 -519 4425 -3375 4762 541 -2659 4489 
-2449 4234 4162 -2542 3541 -3403 3497 -2365 4585 -4505 
-3383 1292 4567 -2452 1839 2400 -2611 -887 3081 -2592 
-704 4081 -2994 -1222 -642 3081 4593 -510 4756 4714 
5 3887 -847 -777 -510 26 346 -4432 -2632 2994 
1471 1511 -1548 -1420 -4658 -2767 -687 2713 4055 -674 
3633 -2849 3264 -2804 -1844 -3619 2810 1209 -3640 -591 
-3501 -2328 1898 989 4237 4615 3836 -2990 -3905 4526 
-1936 747 -4646 -3222 -4349 -1283 -2657 3914 -2827 -563 
2175 -1798 -3016 2147 -2237 479 -4153 4941 4429 2785 
-1159 4919 879 -592 2934 -2982 -1606 1824 -2695 -4782 
1322 -4409 -4730 4485 880 4473 1343 -2255 3408 1105 
-1390 -507 4717 -1133 4709 -1374 -3871 -4049 -3340 131 
-143 -1991 1946 -437 -1152 4183 -1490 4590 -3566 -4309 
-2592 -2461 3860 3458 -4763 -2504 -2549 -4340 3295 2247 
906 -1716 2304 -505 -4440 -3198 -4208 -2170 -3774 2679 
-1795 -2682 -3284 3273 1299 -4267 -4739 2232 -3875 -3982 
4076 -4896 -2630 -900 -2858 488 -3069 1693 -4622 3754 
-3317 4887 -4426 -796 728 4686 570 2607 -1678 -2922 
1518 -2610 1882 -3970 -3688 1784 4397 3598 -3264 -4710 
-1239 3308 1792 2375 -1554 -587 -2570 -1151 -4120 -3013 
-276 -2707 -3139 -3894 -1254 -3647 -2622 -1697 4826 2001 
-3901 -229 3837 -3381 4578 -4508 1932 -2592 -3856 -3364 
1025 -3404 4890 -2905 2038 -601 -4091 231 3822 3909 
-4131 1914 4771 -69 -1717 -4809 1824 -1813 -3227 2212 
-144 -1406 4794 -2916 2311 2871 -3026 1855 -3920 3591 
-1149 4410 -1290 -4641 -4919 -1224 -1818 3194 -1401 2153 
3780 2540 -2758 243 -4290 445 -4419 -3562 -961 -2566 
4458 -2028 -3596 -1656 1952 737 4436 4618 774 -4569 
-2293 1670 -3298 4253 -2328 2291 -146 2841 -4424 -1338 
-1701 -3677 -702 3117 3062 4364 -4747 -37 -4740 224 
-2546 -4443 4232 -3160 1663 -3204 -4708 -4238 -2228 -2628 
1473 1764 -553 -1899 1291 4047 -3073 -3160 -3712 -991 
-3980 292 -1335 -1106 3503 -15 2954 -3632 4256 -2500 
-3233 -2532 -4729 -11 -3544 -3002 -2425 2918 -57 -3960 
-4521 -155 55 2255 1451 -1077 1615 -2249 -4445 -42 
-4745 -3304 3299 -4005 -2005 3169 -3181 -1008 -2435 3572 
3863 -2806 -1344 2402 2449 -334 4210 792 4229 -4739 
-4327 -2310 -1986 2252 -1471 3535 -2449 833 4085 -131 
-4531 1332 -4115 1175 -2357 4965 -2474 -844 3574 258 
264 -846 3362 -5 -348 2570 2852 -2204 2669 -2506 
2001 4731 4121 -4320 2503 -917 -1769 -3603 795 -4352 
-3021 986 1411 2155 23 -4283 -4267 -4648 373 -1520 
-2913 -2897 -717 -1247 -3207 280 3125 3293 -2360 3555 
-3039 -3930 -588 -4346 -2897 -4477 -4932 -1976 448 1328 
3448 1998 3217 -3307 3727 -413 -2848 523 -3766 -642 
1518 539 4584 1582 2805 4937 -2588 4777 -2917 -1262 
805 2086 -3992 -4814 2500 -3593 3845 3274 2963 1036 
3029 2976 1452 -829 1432 1430 -4409 2292 1166 4415 
-2976 -163 -3879 3583 3353 2793 2806 -2797 -3381 -4666 
4174 -1918 4707 -4426 -1945 2130 -4549 1558 2672 -1699 
-3722 -3954 4845 2917 -4496 4345 3824 4646 -4219 -2330 
-4711 -1317 -3103 1997 -3249 -4668 3512 3030 -4945 4742 
-1129 -3850 -2780 -3420 -998 2171 1305 -580 -33 -3045 
4859 517 -4837 2488 -4207 -4808 -20 4279 -4464 -2596 
-2401 -2608 -3462 4310 2163 -3832 616 657 782 -1138 
3576 -4629 -3234 -3453 -3544 2800 -2750 -4003 515 -3494 
1434 4638 -3685 -1319 908 -1472 -3207 -4768 4009 -1916 
-879 3008 1023 -3668 -2583 -3559 2816 -4971 -437 -3330 
3715 2824 3416 -2328 2122 963 -1552 -4146 2003 -1788 
-1296 4228 4451 -3770 4827 3793 -3440 -3393 4252 -1835 
-2371 -4471 -998 -3621 556 3632 1453 -2853 -4705 4683 
81 -3437 927 -1042 -2120 -3913 4273 1727 -1755 -4601 
-282 -4056 2678 3120 2834 -1524 -1647 -4298 1839 -4867 
3907 -3952 2866 -1266 -2988 -2556 -3698 4405 -4033 -4572 
792 2515 -1167 1305 -597 38 -400 4752 -2067 751 
4462 -2830 -3087 -2176 -2499 3416 -386 3240 -3275 -2434 
-1775 -1518 -3019 -4904 958 2170 -3146 -557 -1571 -1966 
3766 2749 -3053 -667 -2876 -2057 -3811 -2422 -3305 265 
-4668 602 1427 -2553 2942 -4315 2030 2275 -2959 -2494 
2720 -2444 -1666 -1930 -1510 -3243 -405 967 -2055 1696 
-1759 -127 -3013 -3571 2312 1064 -1871 -395 1167 128 
2773 -2148 -4848 666 -4658 287 -4477 1167 3377 1018 
-1726 -2159 -1782 -83 2078 -1488 1708 1104 -1552 -2933 
-3963 1300 4338 -3224 -3978 4556 -4273 -4010 -4799 4428 
2583 3904 3539 -2032 -248 981 -2955 -1407 -3094 -3658 
-323 -2108 3993 -2993 2506 -2253 505 -1303 3697 -2096 
869 -4161 -2943 1430 920 1568 3982 1074 4176 4741 
-3669 3859 -4017 4932 -2583 -4770 -988 3940 -2448 -4187 
-2295 -2447 2859 3609 -1442 1810 -4951 3613 1959 -3751 
-223 -611 -574 -3301 4342 -4193 -4981 -3119 -3925 2392 
-605 -4162 -3079 2658 -1954 2434 -3378 -4355 -3509 -2945 
-248 3172 -3094 -4582 -4126 273 -1686 -3053 1647 4467 
-2384 -2472 -939 -3585 1438 -4745 3099 -4075 -733 243 
2998 4613 2336 2921 -2992 1666 -2789 -2860 4395 -4011 
-3337 -4275 1172 -2027 -4748 -1785 4395 -315 -3949 -4998 
-3422 -3266 -2980 398 -1083 -465 -4861 3931 -4055 4898 
-3639 1758 -3529 -4766 -2369 1982 1274 -502 -1408 -3184 
4999 -3873 -2945 4936 2286 832 159 4033 -3810 3340 
-1758 -4625 461 3989 2548 -4078 -2264 4532 -2024 270 
-4329 -1922 1827 4729 -763 4213 -3640 -3099 1807 -4686 
1828 4127 955 1153 -3892 4790 -4565 2909 803 -3072 
-2718 4126 -1121 3657 -3146 -719 3870 4974 -2298 3047 
-618 2473 4174 2431 -3206 3965 -4935 -4328 -108 3909 
-4666 -2878 -609 4312 4111 325 -4060 -3952 4837 -4091 
-2504 2459 -3584 -2604 -4365 -3279 -4346 1736 1796 -1144 
-3511 -817 -4765 -4444 3526 -2833 759 242 4282 -2109 
4969 1591 -1240 -2061 -2343 -4187 3498 -173 3424 3518 
4884 -2385 614 2156 1663 -107 2628 400 2468 -3436 
4428 -4087 1094 -3260 3400 -4809 438 3110 -2256 4144 
-2831 1612 -4143 -3581 861 -3140 1994 1340 3012 -1694 
4648 -1800 144 3588 -3867 1817 -649 3593 3196 4572 
4777 -484 -1760 456 1240 910 2653 -598 -970 -3910 
-2625 1151 3334 -2723 -2270 2753 -4948 -3706 1674 -3194 
-3498 -4198 -620 677 1519 2699 93 -4021 -398 1865 
-4575 4237 4700 1353 -234 -4465 3205 -650 -3477 1332 
-4704 789 411 2086 640 1182 -2250 1769 4925 3656 
-3967 2395 -2856 -3485 2141 3887 2860 -100 -3098 2378 
-1978 -4996 -4451 -2179 4534 -2782 1144 -1532 1525 3875 
4984 -3522 -1831 4127 -629 2671 -2024 -2379 -4940 -4702 
-4054 746 -2760 -205 -3631 -4586 -1639 -1348 2653 -2081 
-1736 -1442 4011 3002 87 -2206 -4322 4495 4573 -2992 
1761 461 4461 -1776 -4308 -2594 -2087 1200 -4747 -4948 
2483 -2474 -3480 -1164 293 -3339 -1670 -2214 -1774 -1851 
4027 2797 4252 -4738 762 -4452 934 53 -4755 -3351 
621 1483 -2271 3085 3363 -4926 3311 4172 -244 -3598 
-3824 -1142 4829 -2245 1394 815 -1439 -3381 4810 -3081 
-4402 3442 -2483 1117 -5000 1972 -3046 953 -2492 -2690 
-3317 -2313 -2848 -115 2572 -1190 -687 -4884 -3350 -3184 
-3012 1276 -2832 -1416 -2183 -2359 -4515 -2654 2709 -4133 
2010 3030 -3673 -2054 -4469 -1689 -3755 -4794 -4939 2761 
-1560 -4299 847 -2303 -4066 14 2155 2700 846 -139 
3206 2739 -1007 -2440 1214 -3763 -2545 2266 3892 -363 
-1001 -4498 -4542 -2274 2708 2967 3423 4820 -676 4685 
1344 -4091 3274 -4590 4305 -2689 -2273 101 -3867 3980 
-3212 -2361 -4885 956 755 -1508 -2143 -4783 -4873 757 
813 -2255 -3471 -3572 4473 2311 -3748 -3377 -4353 4395 
-4364 -1136 -2443 563 3538 2812 4427 -2294 -2805 2651 
-2045 -3968 1338 1896 -2544 -4509 2858 514 -3406 -1380 
2505 129 624 -3267 2761 -4484 -1672 -2215 -2311 459 
-3165 -3132 -3356 3241 -3524 -4483 -4488 1100 -2942 -2167 
1834 4440 3788 1939 -3784 3969 4413 -3552 -4050 -2896 
3481 2007 4941 -4713 2342 -2255 2457 -1624 1158 2077 
4194 -4397 -972 -152 -2282 3742 -2563 2027 852 -1414 
-79 1029 -3564 -92 1897 1706 -410 3082 4812 1708 
-952 -2290 -1635 2329 1467 3487 -377 2470 -4024 2118 
-2948 -2726 4927 1070 3369 -2978 -4015 3337 -4737 -4492 
4271 4238 2606 2868 4161 -3929 498 -4961 -3924 2506 
3186 -4770 -4306 -3946 3815 699 -4132 -2895 -3702 -4094 
3742 2591 3889 -4839 -40 -4538 1180 -146 -292 960 
1338 1072 -4145 3840 -2351 -4992 3770 3144 -2866 3033 
-494 1706 -2358 4286 3337 -3714 1726 3460 -1626 3636 
-1928 -3632 -2685 4379 -3890 -1087 -3115 801 1186 -4112 
-2783 -2949 -233 -4777 -4019 1063 -3309 -3119 -1451 80 
-2394 -751 -4304 -269 1994 1157 -3278 -400 2251 -1652 
-1566 162 -4712 -59 -1681 -3662 -1894 -294 -3026 -4072 
-3243 -4019 2439 788 3982 2466 3170 237 1548 -466 
-4308 104 -4031 1405 4142 -4789 1930 -262 3423 -4078 
1029 2795 1945 -47 1235 1563 -4326 3291 -3634 -2660 
716 -2429 -1331 3228 -634 -2687 2902 -4072 -2076 -264 
-1325 3487 -3083 -363 72 4152 3556 2970 547 -1067 
-3382 3916 3029 1162 -3215 -2438 -4463 -1591 2204 -3969 
2866 4080 -4955 4810 -3199 -2122 358 1580 -760 -4335 
2733 -1407 4705 3644 -4918 -622 -1214 4599 1866 4650 
2813 3727 -4919 984 -1294 4736 4516 3733 3529 2040 
-4739 -4841 605 813 1650 4612 -3254 -350 -2160 -3797 
3963 4198 -3469 960 2605 -2851 3105 1526 2008 -1516 
-1015 4242 3871 -353 -2346 -1203 2310 1733 -4088 3258 
-349 -978 -2203 -1063 3608 -3572 3131 -3701 3200 -2888 
-2934 3607 1832 -1794 1936 -3892 -1712 2763 3972 1480 
-4878 -3226 -4265 -3607 3506 2765 -3992 -542 -3658 -2703 
-3497 -2880 -4248 -3531 3900 -4563 -3078 -1565 1305 -2923 
-1734 2144 -1107 -585 -4138 1297 -917 2894 -4927 1486 
-966 1681 -4393 4597 -2306 872 -3859 -1998 183 -2352 
-2900 3501 2728 352 1088 -2427 -582 -1299 -3380 -420 
-4494 3739 1456 1635 -2991 757 -4370 4008 -3749 831 
-4615 -4068 -293 -2231 895 1242 -3116 -2969 -3623 2517 
-2486 2943 -864 2113 243 -1358 -446 -1163 1336 -1265 
-4667 1231 448 965 -3076 4088 -4833 -3737 3432 -3431 
-758 -987 -2640 3727 -4225 -344 -2253 -4308 1779 4877 
685 -4914 939 -2505 793 -3709 -545 2798 -4777 4541 
-3300 2588 2878 -14 -1638 1322 -1005 247 -1747 -2234 
-4645 3375 -2465 -2808 2701 -4194 1550 3222 2875 -3373 
2833 -1532 2946 2261 -1007 -3345 -1328 -2803 4454 -4020 
-1498 2277 -1840 -2260 -3297 1071 -4841 4196 -1664 -295 
-1547 -326 4047 -1489 -2942 4706 1593 1954 -4752 -1382 
-2146 4120 -3048 818 -1088 -1629 3044 4513 3165 -922 
-4225 3699 -4488 -4282 1194 4247 -1329 4941 1505 -3143 
1320 -4635 781 1291 4878 227 1259 -3991 -2213 4193 
-4851 4733 -3019 705 -2513 1760 46 2127 4524 -573 
151 -3049 -4062 2125 1477 -3690 1348 -2939 -1721 3445 
-1025 -2766 -3802 -4861 -1377 1729 -227 -766 -1038 3447 
3516 3398 4061 3655 2808 -4151 2542 3478 4149 -1054 
466 -4274 4838 1686 3912 -224 4564 -1184 2533 941 
2206 894 3897 2839 3088 -4212 2658 -3933 1687 4869 
-721 1714 -2653 3750 1464 4512 -2786 3173 1133 -3956 
-804 1394 3500 2009 -4845 -610 647 4757 -722 1305 
1492 -3384 3693 2992 3511 767 -2178 4615 4701 -1878 
-3710 4466 2235 627 793 4443 4134 2400 -2433 3231 
-2972 -2582 -2196 4282 -909 78 -4410 -2444 776 -1404 
-1398 -4837 -4965 -913 -2997 -2093 -191 1540 -4663 -532 
1098 -4018 4118 1219 -2932 -4879 1701 748 -1088 
