-2541 
2497 2743 4083 822 3287 3816 4613 4225 2327 2443 
-37 2932 4894 -1278 -2660 2586 1422 3517 -2548 4795 
3356 1579 1770 -3340 3542 -3199 -595 2564 -2695 2457 
4704 3769 4786 -4484 -101 3050 4724 -3374 981 3142 
-3766 -3271 -4249 861 -4627 2357 -2846 -2356 3848 -2201 
-4252 255 -1382 -3807 1815 -4861 1003 -1207 -262 -598 
2355 4028 -1468 -1598 423 3285 518 2568 -346 -4354 
1600 -855 -1709 -2730 -2729 -1271 2483 -3245 -3899 4423 
-4550 922 -2206 1953 2705 653 1218 -2220 -293 4628 
3519 -4569 -473 -3249 4649 456 1384 -1061 -2838 55 
-1308 -637 -1426 1346 426 -1831 1475 480 -4648 3797 
3342 1938 3532 -1907 623 -249 4217 1190 3317 2767 
-2245 4346 -1179 1858 2319 -4438 1527 4402 -4163 -1690 
-2863 4558 2887 -3782 -3528 -231 2455 -4597 -2444 122 
-924 -4685 -3340 3957 3285 4697 -958 -886 4953 -3243 
2840 1964 1142 -4606 -2973 -1739 193 3029 4566 -5000 
-4003 797 -1710 -4809 327 1211 4021 -3578 -686 2356 
3553 2800 -2514 -4764 -3697 696 -4977 757 3939 -1661 
987 2865 2514 4756 -3485 -2907 -2703 -185 -3115 -1098 
3327 690 -2494 4280 4550 -567 2300 4829 -3122 -238 
3826 -181 -4717 -4584 1455 209 2215 -1181 4176 -1830 
-485 -1448 4357 3283 -3541 4205 4569 -1062 2103 -1008 
-667 -504 2601 -3640 2818 2977 -2380 2060 4366 4120 
4857 -2541 2865 3224 4640 4316 2288 -3791 -4267 4207 
-1471 -992 -2255 3714 4144 34 2955 -175 2193 -4934 
-2 -3368 1512 2145 -1427 -3885 -2186 1277 -4716 3448 
-1948 4390 3008 -3597 2261 -4588 4066 2066 -4442 -835 
-2112 -814 -1782 2750 3917 -2150 -2908 4471 -4485 -4122 
3091 -2980 77 3639 3365 2442 4353 -1191 -4811 983 
334 2341 1927 1964 -2229 2696 -873 3863 -3456 -2092 
-1652 -132 -3359 3605 -3198 -2019 -600 -1113 -4712 666 
-3726 -2458 -3913 -4550 1981 -3483 805 2538 2751 1443 
-4471 -1467 -2821 4779 -2241 -3035 2512 -3876 -3234 696 
-1629 -4392 937 -3705 -3122 2688 4659 -3772 -3895 -3488 
2950 -750 2600 -2489 -2107 -3287 -1339 4602 4016 73 
3503 -1462 4536 2239 -4766 -365 -3948 2230 297 1221 
2532 -4560 -846 2840 3412 -4250 3185 -3588 -2717 3660 
3720 4319 -364 -3657 486 -3373 340 3507 3613 2831 
4686 -3519 504 -1708 267 3358 -4 -3085 1582 2698 
1118 -3795 -2801 -2201 1813 -3733 3526 3792 4306 -497 
827 -1684 -1986 -2341 -4661 1859 1154 481 4846 4240 
-3587 -3798 470 1448 -2655 -1877 1434 2250 -2497 -1612 
-4907 -3977 -875 1275 3896 3812 -2955 -775 -1161 -2995 
-4089 2067 1027 -1587 -1934 -4212 1555 -3269 -2777 3880 
3481 -3577 4414 2548 -2238 -1546 -2683 4661 -3667 2218 
4341 2495 -1168 3653 -1832 311 -4665 2463 -1143 2346 
111 -4234 3370 1726 -1261 -3194 -3732 -4742 1284 -4310 
3770 -4686 -2098 4977 -1721 -4698 -2776 2004 -4903 988 
-4388 -4329 -4058 2202 -3448 -1939 1790 4712 4884 145 
105 -3674 2373 3171 -3789 -4678 -62 992 -2748 -1779 
-3739 -1050 -2731 -4746 -2348 2229 1984 3494 -4511 4857 
-2169 2166 574 -4808 -24 -3922 741 2743 4928 1256 
1031 2354 -4115 -4235 -3373 4411 3656 -2162 -4279 -4125 
35 -339 -3040 519 -3345 620 -2603 -4852 -4414 -3778 
693 798 4055 -3059 4876 774 2965 2756 -2913 2218 
2213 -2994 -921 4761 -2626 -209 -4625 -2601 4627 -2686 
2304 998 1408 2930 -4645 -4570 -4975 316 4151 -4658 
1380 -4587 -293 -2597 -2465 -3960 -2706 1512 4741 4771 
1085 2031 -2027 -61 526 447 1827 364 2626 -3393 
-3333 -67 1023 3313 -4060 3140 -609 -3029 -366 -3074 
2819 1826 510 1362 -1859 503 665 -593 -3812 -553 
2910 3650 1433 -4018 3464 13 914 4363 -2955 580 
-1644 -774 2553 1097 -4434 -2818 -187 2075 4052 4989 
2970 -2213 -4879 1025 201 1663 3105 2491 -1700 3434 
3342 -1509 1162 -2405 -1671 1661 -1433 -3595 -789 1638 
-4166 831 4045 4544 -780 -1811 4741 -3933 -1315 -3953 
4753 -2412 -1087 -1623 1737 -3230 -85 -493 3216 -4290 
4993 961 -2645 2731 -1808 -667 3478 455 3929 4739 
1203 -728 2620 -2890 -92 1802 532 -2191 -4757 -856 
-4636 -3031 3952 -1638 -1728 4465 1859 -770 -2033 3686 
290 4601 1151 -3188 -2515 -4641 -2919 -40 1784 -3534 
-1178 -2912 561 1672 -397 -1761 -2334 -432 49 238 
-3879 4694 -639 2351 71 229 4318 2731 870 -2948 
3210 3056 415 -908 -2050 -4973 -4662 2513 380 3404 
-2042 359 -553 -2494 1612 3422 2294 -4124 -2225 4665 
-4508 -2262 -1225 -1596 4572 2539 3039 1597 -1053 -928 
3739 -4779 -2186 4841 3950 134 -2042 558 -2357 2198 
2257 889 -2854 -3411 1699 -3502 2733 -1788 -3251 4507 
-573 2174 -1260 -978 2493 3371 2669 -2061 1520 4667 
-712 1366 3322 1664 4490 3561 -1080 -297 -4864 -1354 
3479 -2935 1888 -2457 1530 2332 -1598 -3447 2956 -2865 
-4896 -3010 -3914 -1801 -326 2018 4451 4563 -4132 -2671 
2913 2662 -3372 1175 2059 -3818 -3505 -664 -4075 3569 
4211 2673 -2952 2704 -2702 254 -3505 1326 2077 1070 
-3567 4234 4503 707 1648 -1830 4028 3871 -4128 -2877 
-302 -3220 -3876 -2937 -817 2042 3046 3215 -4069 654 
3229 -4247 231 776 3204 1043 4286 2582 -1071 -1671 
-3365 3736 2435 -117 939 -3052 -2952 -2526 2772 939 
4173 3604 2999 -3733 -3977 374 2098 3958 1730 -2622 
-88 3299 1672 -1462 1781 4772 3620 -3045 -803 -152 
-8 -875 -4316 3617 -180 4634 3716 4296 4727 -4715 
-4502 -3969 -3646 -1571 -2079 4760 -2709 1658 -2556 -3867 
3144 -4840 -1138 -1344 -242 3529 3300 -1541 -4912 2720 
-11 -4262 -3189 4987 2529 4528 -4670 -3552 4376 4167 
-2443 -2660 -204 -1596 1767 663 4394 -4870 -496 2700 
-3011 -242 -4256 3224 2052 939 3030 -4943 1692 4855 
-2176 -3047 4096 -459 2484 3746 -2599 2269 -3634 -4843 
-1151 3577 -1782 -2370 -884 -703 -2348 -454 -4343 -4151 
4814 4611 -3339 -3063 338 107 994 -2803 3001 -1528 
-1978 654 -1140 3983 566 610 -2855 4260 -844 3551 
4375 3536 -1930 2374 2589 -4364 4906 1933 -863 1725 
3799 -2851 -1427 -1544 -683 4526 4550 4520 -1184 2847 
-4545 -1546 3049 4538 347 -2759 -3779 1127 -3101 3638 
-2582 -160 -1305 3465 -3712 -3994 824 -2603 -2764 -2318 
-4603 184 3147 398 4868 163 -2492 3061 2196 -2952 
887 -2169 -624 -4828 4461 1634 2326 3104 -1569 -1122 
-647 2786 436 -3721 2085 4234 -1707 -2783 -3727 -22 
-1356 -4569 4569 -3612 -3123 2564 2060 -4389 3483 -2170 
3907 -4317 -3043 -4001 -1980 4282 -3125 -946 4421 -2949 
-3820 4477 -4683 -1904 -3847 -4 -1416 2536 -2272 -2881 
-3439 -1302 -4175 -2252 -3931 -1863 -4059 -2089 4477 4472 
-4655 -4967 -1796 -4176 -3747 -4274 -3854 767 -935 358 
-320 4739 -2078 4142 -4595 2520 -3326 4568 -4343 -290 
3238 -344 3584 2670 -4828 -3583 2737 -3826 140 1839 
-4817 211 4734 -4378 -4041 4743 -3156 987 -1053 636 
2274 -4446 -4801 -3536 3731 1384 666 -2735 3798 2785 
3120 -2734 -3215 4373 -3099 -3506 -2764 -4794 -236 348 
4281 1509 -2951 -2684 -3622 4229 -4068 2658 2884 4128 
4191 2616 -869 3866 1497 -2839 1454 -1917 -811 -2669 
-979 3888 -4092 -4180 -3592 876 -4118 4097 2265 -1205 
4696 682 -748 751 -4923 2994 -2530 -2529 2002 -3882 
764 4788 78 4764 -2498 -3498 1448 1942 -516 1719 
-4973 -4025 -4769 -899 1311 3397 691 -1162 -4139 2127 
-2565 2152 2963 1841 -746 -2073 -391 -3450 -2335 -4358 
-2365 -2610 -1507 975 -3688 624 3874 -1650 -2494 -4975 
-4940 -2932 975 -2523 549 -3903 -2729 965 -1237 1836 
911 -3438 4083 -4379 -4882 -4103 3494 -3005 4190 8 
2475 -3441 4181 -2161 -914 761 4100 299 -2800 -3718 
2784 3567 3198 4506 4095 -2860 -1050 1762 -1451 -4173 
3063 -4796 -624 3328 3240 4298 -1471 -439 2796 -2483 
1100 4718 -4587 -1049 -1887 -988 4407 -4950 3388 -619 
590 3618 2745 -3397 -542 9 1885 -1475 2410 -566 
-2207 1000 -3425 -1816 2800 449 -4365 2495 -477 -3046 
-4239 -3653 -3109 1987 1382 760 1023 -2909 1328 346 
-4378 4487 -3146 2895 743 -2197 -4519 -4847 4415 -2713 
4298 4431 -1693 3067 -4404 4543 -3002 -1330 -3846 3741 
-4290 -3165 1532 -2985 -1454 2445 2214 -3620 -3146 133 
2802 -1246 -4549 -1207 -4272 -4137 -3056 1015 3450 -3958 
-578 3499 -2323 -4245 -2558 -2907 -267 -3584 -3476 -4706 
-3385 -4758 -4648 -164 2565 -728 -4374 4981 2206 -2278 
-2560 -863 -2140 -328 4563 962 1106 -2045 4941 4728 
3326 -2852 4449 2096 -2997 4389 3208 -2755 1906 1541 
-2568 -4118 -1470 -3808 -934 2303 -2603 -3227 -4645 -3262 
4277 4841 4195 4207 -2225 3637 3381 3451 -650 2124 
-2090 2070 -3317 4080 -2526 735 -2499 -2235 1499 2332 
-4421 2181 -3789 -2982 4801 2229 -1876 -3086 -429 -1224 
1997 4189 -3421 2547 -808 -1607 -1799 -4287 -1702 -3028 
-4556 -536 -3085 808 108 1436 3511 864 4713 -4702 
-4972 4106 1993 4504 1925 -3691 798 979 3382 -3475 
1479 -936 -1448 -3475 -1343 -673 -3145 -3388 4268 -667 
-2789 3260 -4862 -1407 -4628 -1113 3494 -2278 3545 -2278 
2186 2854 4395 3422 1235 -794 -3163 2388 1585 -3488 
-1953 4169 3289 2557 -3244 3963 -4715 -1579 3960 -4341 
-4512 3527 -3250 611 4506 -962 -952 -3878 2819 -1264 
-2704 -731 -2379 -24 855 -1455 1170 -1881 1949 -2322 
848 -3418 -4016 -786 1250 4239 -2920 3278 -2902 -3251 
-4830 -1964 843 -2607 -2181 2810 3156 -4921 4368 2506 
-935 1416 -4012 -4437 -4348 3728 -286 -4854 -1491 3139 
2531 -2676 4741 -3540 641 3971 -615 1926 -1267 -497 
-2811 -2321 -2497 -4649 -3529 -4374 -2708 -2567 3782 4675 
-2660 -98 2067 -2776 -4883 -3391 606 -682 -302 -3694 
2204 -3774 -2944 -4203 -889 -4902 3354 -4608 -4969 -3733 
-4805 -4074 3888 -669 -4139 -3379 -4788 2985 -1993 -2457 
-2918 -2228 1860 -2417 -570 -4006 610 1746 972 2243 
-880 -3024 55 -2292 -4500 -4174 1199 -4872 579 -4929 
4371 -3724 -4086 -3142 -4158 3505 -2499 -4498 4288 2600 
-154 2765 -2089 -2007 -3056 -539 4844 3157 2668 -4204 
2164 -3859 -3052 2285 3175 746 -2354 3931 708 -530 
1124 2006 -4171 1034 -926 -4060 -4765 3986 -737 3057 
-4067 4894 -1345 978 2518 3714 1191 -377 2541 -1327 
2995 -2625 -3472 -3363 -3802 -768 -2317 -1438 -4592 -3417 
-1266 -3580 -3852 -163 3909 -315 -2870 -3237 2876 -1764 
-3054 -2241 -4310 -4109 -981 -3377 2381 -3009 3859 1261 
-2705 -827 -737 -3876 1640 1339 -3923 4994 1315 2749 
3272 -2113 1605 1794 236 -3155 -3572 2510 -4261 2248 
-3500 -4296 4864 2719 -4816 2751 -2975 -3140 375 -904 
3786 3280 -2804 283 3416 2707 -1838 -1232 2610 -4149 
-3184 4964 4463 -3638 1506 -4912 4788 1485 4513 4315 
-2403 -1966 -3692 -4945 751 -4310 -3418 4394 -2501 2640 
-935 3286 469 -1848 3643 4298 3365 3275 -2472 4962 
-291 3794 -2527 -307 2637 -4607 1388 -2218 -908 -3146 
-2932 3814 1368 -910 1122 1399 -2536 1832 -172 -1892 
-3233 -4061 717 3727 -4245 -3171 -4187 -4725 -4241 -3923 
-2974 4107 -3594 -80 958 -2974 4026 1083 -2708 -4963 
4788 -2080 -922 1477 4452 -4128 -2232 -3702 211 944 
3714 -451 -106 -4706 -1014 2108 -1690 3830 4496 1172 
1518 -3456 -826 673 -3147 -36 1648 -2886 -4707 561 
-3976 -469 -1365 -174 -3930 1682 -4248 2627 -1074 -3938 
-681 234 2041 -3867 -2088 1961 -2776 3798 -4244 2155 
2726 -2754 -2470 4973 654 -2722 -2446 2607 -4466 1244 
4608 4747 3018 -679 -4718 2357 -348 3332 141 1859 
-4726 -2083 -2530 1551 -2544 1948 -1107 987 1248 611 
-234 1141 2383 1585 -581 -1157 -2158 -1479 2900 -4368 
1920 -4766 1641 -4416 634 2752 4497 -64 3672 -3533 
-468 -135 -3882 3838 -2002 4151 3151 -4389 4108 -1555 
-4503 -3651 -100 300 354 -2123 -152 499 -1496 -1782 
4100 4232 -4881 499 4801 3272 926 -3690 2864 -2836 
-3637 1191 -965 1197 -4007 -519 1056 4697 95 1336 
-3665 4198 -3125 4026 838 3783 -4857 2643 -853 2237 
2874 2168 -1446 -3457 -4478 -409 4000 4573 -4352 -3227 
391 -2255 -1804 439 -4734 4199 -4708 2486 220 -1042 
-4665 -1060 -148 -3633 -3553 -2428 2380 3150 -2506 -1999 
218 2912 -4657 -2915 478 4268 -3167 -3178 -4883 -3804 
712 -940 -562 1094 -1508 -19 3579 2701 2406 -3060 
-4118 -4354 2000 -1696 -2324 -1440 4972 1201 -3323 4603 
-232 -1095 -3602 -3132 0 1664 1976 4824 -3932 -2360 
-4462 -280 -1044 74 1948 195 -2886 1185 3596 -134 
-2881 -3851 -911 -4656 -4544 4907 1559 -752 -2630 43 
1002 1748 -668 -2399 2527 547 -2140 3817 -2497 266 
-4748 -2443 4149 -562 150 -1295 522 3745 1702 -1751 
-1858 4340 1679 -135 474 1580 -79 -2940 4756 4088 
3794 -4327 515 65 2402 -2525 -2284 -2430 4099 672 
-3364 1755 -1976 -2315 -4193 -2095 3757 4752 2880 -4920 
-4024 -4562 4313 -4205 -3041 -178 -1442 1451 154 -1323 
-739 -4705 250 4419 -4504 -4789 -2566 4742 -2953 892 
3589 -4195 -3161 -3838 3033 4736 2408 -3001 634 2767 
-3674 -3361 -263 -1848 -2059 -2303 1830 4205 -3021 -2235 
-3004 3733 3032 -3890 -2019 -3711 3041 -2518 -2731 2914 
1566 4487 899 -759 -4840 -536 2237 -49 3511 1320 
-364 3750 -3949 3807 -2208 -913 3594 -3773 1021 -2354 
-1039 -2031 -3706 -965 1070 3564 -384 507 901 4581 
4219 3870 -638 -2181 -780 2986 2071 -4955 -3554 -4296 
-1514 4798 -4525 -4851 2369 -3393 1030 3772 4575 2436 
4490 -471 3922 4152 2744 -3007 4343 178 3021 -1719 
4718 -3916 4978 -4908 -2741 -3087 -256 -1735 -677 3696 
-1292 -2796 2667 4078 -4673 -836 -2058 2472 881 -3899 
-4307 -2679 -3641 151 -212 273 -1181 -1618 -213 2263 
4683 -2733 -286 1744 1252 -1413 -4720 -3951 -4944 2751 
4862 849 917 2492 2895 2370 3297 -1093 3323 -4830 
2091 -2732 -3972 -4323 -2324 1790 -3784 -3995 301 -4262 
1377 4388 3554 -1199 3466 -4047 -1944 267 -2277 530 
1899 3330 -3786 -655 -4485 2438 1978 -1630 416 -3294 
-1352 -284 2716 -3169 2324 -3914 -817 -4056 1374 4587 
-3711 -4499 -942 -2319 2747 -1028 -3027 -2257 951 3340 
3154 -3315 2249 572 -1204 -3336 -1746 -2020 -3004 102 
4645 2410 -2524 4694 -4182 -2816 1133 -148 -4214 3323 
-378 4972 -3580 4175 -1257 -4011 -4931 314 -4715 3553 
4343 -3386 -2194 4633 -3293 2563 -2393 2157 2660 -1579 
-1772 1077 870 1241 185 -1134 -1153 3549 4974 3144 
2085 -1679 -2328 752 3648 -4439 3382 -4743 -2511 4580 
-360 4463 -2350 -1038 487 -17 1104 -4463 -4463 889 
1111 -4104 -4236 3063 3677 -4056 2269 -1603 4258 1216 
-2127 -3454 -3162 -2687 4587 4622 4236 129 -873 -1388 
-563 -29 -4673 -1038 3600 -2378 437 4902 2664 -3987 
3360 -2972 991 -4625 -2646 1621 1810 2944 -2887 4098 
2284 3840 -180 -1727 -1497 -4110 1785 4991 2224 112 
-828 4047 1739 3901 -1710 178 -1768 -101 1167 -2953 
-1692 -1346 -1331 2149 -4238 1889 559 -1129 939 647 
-4011 1415 4772 -4859 -2152 3726 2463 3326 1336 -3398 
501 3343 -2861 2273 -2317 3004 -407 -4122 -3566 -1302 
4926 -2134 1883 110 -288 -300 4970 1606 -1094 -3116 
-3566 -3321 4217 3204 -1422 -2793 -580 4864 1031 -3588 
-2335 -88 -3038 -3980 3693 2259 1947 358 -116 -3226 
-202 -247 2699 2598 1397 -988 -143 -1158 398 -4778 
4661 -2939 -2177 -425 540 -270 -593 -3346 -3726 -2560 
3446 84 315 1712 -1649 -2824 -4534 -4931 -1091 -1739 
466 -84 -163 -1134 -3029 -796 -2677 4904 2056 -4929 
-4553 1801 -3946 1825 -2904 -4610 -3945 3129 -2031 1234 
1648 -75 -4124 4030 1184 1739 -811 372 -2174 -1050 
2640 3760 4996 -4706 4766 203 -3799 -2261 4291 2082 
-84 -3174 1291 3239 3895 -3679 4871 -3370 -3022 -4288 
1058 1531 -2481 2888 1418 -2846 -2714 4369 -2693 3071 
3181 4247 4141 -721 -518 4772 -2815 766 -4116 980 
-3369 1290 -3369 -1116 2421 -2968 1118 -4980 -3005 -3290 
1877 4431 -1222 -1807 1831 -383 2862 -728 3526 3081 
3849 32 -2862 -3209 -4197 -2470 -4948 -2377 1935 -2382 
1947 2726 -2705 2488 3279 -2732 -3366 -2028 -3997 651 
3477 3798 -24 -1888 -992 -2532 4032 -2809 -2838 -2280 
4392 -165 504 4385 1274 -3793 2482 4905 -3742 526 
-4530 3422 -2641 3338 2 -683 -3940 -3965 -3260 -780 
-2736 4198 1252 -1954 -2685 -4248 -1524 -1563 -2158 -1821 
-4570 746 -4972 161 -497 -3447 -3026 374 -4037 4244 
-3837 4803 -3511 3676 3824 -4105 -2904 2935 760 489 
-70 -466 -4884 3204 -3048 518 -2179 -3470 -3850 -4222 
180 -2756 -3223 1351 2930 -4704 1926 -1904 -3949 -4571 
2188 3139 -3207 -3589 -4699 -3293 -3754 -4426 -4919 -4585 
-3414 2269 -4364 4971 4046 3470 -4167 -2970 3311 -4044 
-4617 -1300 2239 1771 -1061 -1019 -2055 2819 -3371 -4898 
132 -397 -433 -2674 -246 -4048 -4 -789 3801 -2497 
-1538 814 -3207 -4041 -3397 -2812 -1025 -3717 3920 4310 
-4815 -282 1766 -4148 3947 2935 -3420 -466 -4958 -3984 
245 -2437 -1496 -1687 -2100 -4403 1775 -3030 -795 2412 
-64 -3863 -2402 -3134 830 2481 -2810 3439 4631 -4972 
324 -3393 2731 913 -261 2104 -1568 -2599 -3171 -4648 
-155 47 -1747 4463 -2506 -3697 -3318 -648 -833 2113 
4873 1438 1301 -1347 -1919 -3939 2193 -1536 1229 3814 
-1058 3040 4925 -921 357 -2723 -1249 -998 1398 1161 
-4563 -3699 2026 1945 -3322 4226 4935 -3428 -4895 -2488 
1668 4203 2254 3177 3278 1554 -336 -2667 -2198 2415 
1401 -1536 1339 216 3460 -1129 -2410 -3279 -2903 2617 
-3788 -1538 -3844 387 4681 1686 4855 -2964 -909 -4087 
3753 979 -1404 -2061 -81 -1579 -1708 4065 -3742 -3932 
1392 -2525 929 -4092 -9 -2525 4128 -424 775 726 
-3615 156 3284 -960 4130 372 3257 -1651 -104 4213 
802 -3395 -4325 -3966 4392 -4577 -3023 -1973 1966 4737 
-2993 -367 -2643 -3033 -3651 4732 -2661 -3238 4826 -464 
2449 2019 464 -3875 -1012 1961 -1336 -4537 -1677 3959 
-2239 1606 -1429 -2511 846 2014 -4152 -1064 3086 145 
1430 -2389 -3088 -3693 2439 3313 -2491 -3649 -3747 1045 
2072 -4759 1961 -335 4796 627 -1563 -994 1526 4083 
32 2411 -3349 -1035 712 -4340 634 -3603 3180 -139 
3981 -3168 -4686 -2249 1740 1892 -1497 -887 4802 -2219 
2181 -1221 -2380 -2071 -678 2904 -4608 -3402 3783 1290 
1410 -1662 1957 -526 -3619 3340 -4033 -3529 1640 1417 
3420 -242 3174 -2559 -4549 -3220 347 -4133 2533 -2855 
-3605 1638 -4531 4981 149 826 1355 2847 -3967 2574 
-2391 2643 -1594 -2149 -2739 -3373 -2689 -2623 -2647 4602 
1855 2985 -4049 4829 258 1386 -3751 -3725 -411 -304 
-3368 -714 2073 602 -965 -4310 -268 -4701 -4461 782 
-3415 -2845 -3228 3457 601 3158 1455 -2777 -2422 1022 
-610 4684 -3801 -3771 3582 -1320 2600 -779 -2988 -93 
-2285 -4245 2490 4826 -3373 -2583 -999 -2029 -1096 235 
-2757 -130 2991 4541 -3135 -4851 -828 4011 706 3717 
1397 -1879 2565 677 2056 -1740 -1295 -3209 -3584 4329 
-3149 -3163 -4564 1172 2449 -2307 -1839 -4037 221 -2856 
4361 -1796 3115 3447 667 4532 4982 4623 -3939 4914 
767 1511 3528 -2948 -1128 4799 971 -128 -1168 -2413 
-4301 4621 848 -2752 2089 2291 3974 -2473 859 184 
1823 -3216 -272 989 1531 -512 2182 4225 -3045 -4658 
1839 1284 -4722 -3822 -724 -2674 1805 287 -1353 -3392 
3827 1363 2215 1915 2817 2349 -4992 1905 4113 4766 
-3318 4089 -1095 -205 1092 2358 2146 610 2343 1850 
4586 1794 -3233 -2249 231 -3136 2792 2982 829 -1360 
-3979 -2308 4209 289 2119 -4678 847 -2861 -2613 -3516 
-2199 -4435 -1867 52 -1935 -2662 3165 -241 -4726 4068 
-729 168 -3287 3957 -1961 -3532 -3263 -1575 3236 -3570 
-3088 -4856 -116 -3972 84 -3294 1032 -3214 -3774 4875 
-2350 21 -4904 714 -3436 3282 4641 3293 -4109 2624 
-3655 -2705 -2836 3076 -4622 -4403 -226 2196 -3434 357 
-4152 -1555 2525 -1121 2260 -2424 -558 3136 3428 -613 
1745 -163 1148 -2579 -1596 -4354 3872 -3716 -4529 3635 
3375 4066 3144 -405 3536 -2700 4123 -2958 -4212 -4483 
-4468 4026 3645 4331 -3890 1646 4869 905 2628 1203 
-2910 3501 -2762 96 4625 -1662 790 3200 -3040 -4536 
3364 -171 -3352 1947 -1425 447 -1861 4098 -4772 -1427 
4058 -376 108 -1789 -1510 -2240 4841 -2659 -4712 2101 
2337 -61 4811 -432 199 -3555 -2711 -3890 -634 -1911 
-2884 4528 -4601 4362 -1866 -2188 3429 -1565 -4893 1396 
-1985 -203 -513 -2002 4654 1862 24 2468 2935 -2957 
1860 -3531 4691 -4218 998 -3604 -2067 4539 -4723 519 
-2564 -2032 2333 -2757 1858 747 1026 2421 -1916 -2143 
3586 1652 2235 1347 -3325 -2202 345 -4197 -1571 -2208 
-2192 -3303 -1215 -2542 -144 2583 -2165 1161 3712 4451 
-1117 -3897 2351 -402 -2246 -1488 2827 3520 4371 -4249 
3570 -658 -3968 153 -857 -3425 -2849 2631 -985 -4500 
2740 1434 1148 2198 2728 1570 1426 3292 -4718 2800 
-3224 1116 -4666 -3388 4889 -86 3531 537 -1173 1008 
-3086 -240 -2264 -3531 -4557 3323 1500 928 -3398 -1909 
4846 3822 -3006 -4373 -4925 -1229 48 3455 2574 -3426 
4916 1383 3404 4959 -2917 3944 -1824 -2275 3129 1117 
1882 -205 4325 -2678 -3682 4684 -3563 4881 -3662 -193 
412 -3783 -2857 3820 -1455 972 -2948 -2873 -1503 -257 
4367 196 552 -2953 310 4660 2444 -2486 4925 4783 
-2213 3652 -1712 -2509 4742 -3941 -1524 -3157 3101 1381 
-1647 707 893 1033 3098 411 -3640 -1869 -3328 -997 
-4476 3516 -2548 -666 4854 1065 -3220 2690 2192 3186 
1272 -825 361 1606 309 -43 -2308 -2723 4649 -2325 
-4396 -2258 4816 3845 -2714 -2525 -3281 390 -3889 -1094 
-3897 -73 -1728 -164 364 -3426 1031 -3533 -3001 -4686 
-3200 -3960 -2600 4701 -4053 4043 1712 -380 2400 -2969 
-4066 -2380 -4272 -3820 3433 461 -1474 -2001 2669 -3741 
-2145 -377 713 -3550 -1955 -2551 -472 -3630 -4398 4655 
4959 4283 -1869 4836 -313 4267 1258 2859 -534 -2843 
2249 -479 -1452 -3779 1964 -2721 -1054 -1646 4942 -4027 
-2034 -374 -3345 4980 142 3380 3076 -150 953 -3878 
2863 -4605 3387 2374 3281 3086 1323 -1818 -4755 14 
3115 1507 319 2002 -3408 -2338 4413 1688 -3468 3580 
-675 -3251 280 -3260 -3577 -265 -3 -3450 -1476 1447 
-1468 -4897 3191 -4247 980 1690 -2030 -2018 3389 -3063 
-1523 -1396 -2901 -1836 -613 4340 989 3537 -3507 -1579 
3942 -2316 -1373 -2337 4100 -3207 -1153 -2982 -2609 -4416 
2013 1400 1284 4456 273 -1608 -4829 4288 -2385 1468 
-683 122 -3472 -978 -1566 880 3619 -3314 546 2843 
-605 3791 3826 4306 -504 4195 -966 -1920 -3840 20 
-1828 -1638 -209 -4683 -4961 -1729 -4427 -1192 3198 -1216 
95 3633 -2341 273 3824 -2742 4567 1665 -350 -4360 
4726 1991 -2377 2479 -1362 -195 2741 -654 -4655 -3694 
-3326 -2467 -3076 -3446 3339 -4746 4591 -4727 -3365 -4671 
-2803 4817 4683 2083 4854 -3737 -203 2137 -2780 -3684 
-4499 -4053 -2958 -3509 -1006 -3541 -428 1566 -3903 2562 
-4349 118 -757 -4355 -265 91 -4472 2483 -3990 -3936 
1548 4651 -886 3051 345 -1893 -305 -4556 -43 2548 
-3153 1659 -2802 -1827 -2802 -2433 1867 1612 -3446 765 
2532 -260 2150 1733 -3963 -1188 4196 -2845 1695 -2508 
-3975 -1348 -1057 -2002 -372 2407 211 -2254 -3905 1503 
362 -1487 -4591 -4458 1084 -4505 -1054 -4452 682 -4421 
2713 -3168 871 -4007 -2301 -921 -3001 -142 1101 -4741 
-1433 2754 -3517 -1547 3533 -2270 -4614 -4403 -2895 2414 
-2453 -4463 -4084 122 833 4069 -2961 -1391 -3306 -1830 
4888 -2865 984 -4238 -4831 -1585 -2494 1955 921 -3865 
-1720 -2598 2568 1651 4354 1057 573 -3729 4541 3588 
3545 -3415 3742 1585 993 4758 2553 -97 -3664 1892 
-2799 -2192 2780 -4881 -2495 -967 874 -4984 4666 -2431 
4372 595 -466 -2392 -182 -448 -1044 -4373 -4137 1645 
3981 1141 3445 -4358 -1585 -2744 4355 3708 -1265 -1572 
-1130 4470 -2116 4247 3198 3973 2682 1918 -4101 1323 
-907 538 -2769 4558 -2602 -1841 -2170 -3422 1963 2569 
-1485 -828 4865 4040 3180 -3048 -4043 -1363 -230 2790 
1820 4357 -1927 -3616 208 -2554 2759 -1800 2892 -4824 
-453 1008 4121 4582 -77 -3359 -1318 -2108 -653 -1777 
-1532 -4140 -1814 -1923 4323 -3676 3287 -3971 3113 -1847 
-2916 -1045 -2552 -2110 466 -341 -942 3702 -306 672 
3247 -3872 -3646 -1970 -4561 -3636 -1050 3826 3392 -3326 
-1495 -2495 -2382 -349 3379 2110 -4551 -4175 3997 4208 
-1021 1172 3923 3683 2763 250 -4968 -4466 1677 2254 
4475 1557 3131 -4115 2249 4495 -4449 -2811 1362 3163 
-4190 -2913 -3631 -3346 1980 -1730 4838 624 -1620 -4136 
-3066 -4567 539 4933 -3242 2358 -819 -778 451 4464 
-2344 -3017 3654 -609 -2105 -4488 86 4490 -4079 3000 
4751 4530 1718 3811 3697 4352 3705 -4849 4924 1340 
-3548 -3679 -3813 1168 2665 4085 -2930 2124 1317 -4691 
-436 -2181 1706 -823 -2904 -4458 -2835 936 2420 4087 
2060 4382 19 -3823 -2668 4247 -1820 190 66 3900 
-1764 -3495 41 867 -4462 -675 -2956 -4853 2417 -3203 
-1940 -1656 4906 -2746 -3572 4763 -2024 4210 995 -4730 
-1272 270 4601 2095 -1384 3646 -1322 -413 4431 -3184 
-3776 2765 990 -498 2723 3127 166 4264 -3979 352 
3673 -815 -2966 878 -2363 -4663 -458 -1226 15 2427 
-3518 954 2652 -2457 4833 -1230 -1930 851 -2254 2046 
1228 2254 -312 -2597 -2821 3781 -423 -3948 2172 -439 
4292 -1733 -514 -1232 4599 4792 -314 3852 -1648 -2511 
4707 -2711 4994 1451 -2473 4090 858 4448 -3549 1767 
-4734 -2367 -2958 -720 3093 -4659 4106 -4379 -2812 -3613 
-3874 -1992 1673 -2363 4583 -445 3083 1918 1603 3799 
-4719 -4779 2398 -2972 2794 -1518 3617 4544 -3028 3808 
-391 -4030 3468 -4925 2810 -114 1421 4285 -381 -3098 
-1892 -1940 -2013 4382 3100 4613 4236 1152 4621 -1049 
871 2626 -3821 -2471 3976 -2827 1492 4790 883 2751 
-4015 1707 2239 3099 3321 -339 -4677 2512 -2454 -3424 
4878 2335 -839 2630 -1053 1601 -1372 4452 -2971 1537 
1783 -228 4663 -235 -1828 -3690 -1896 1618 3126 4144 
676 4544 2431 2104 -3186 3932 1760 3239 -627 2046 
-542 -800 1588 -534 -4093 1609 -3945 2874 -2101 -4646 
4859 -4020 -1361 356 -2915 3864 -2651 -3596 2294 1557 
-1527 1335 -3187 2204 4895 4672 1885 3772 2763 4840 
1144 -4640 4734 -3451 -2468 1438 -2895 3070 4358 -446 
-3257 -2610 -2603 2587 3534 2168 1936 -2749 -1690 -1014 
4602 -3452 -1883 4948 36 -2775 -2918 2650 1012 -3709 
-3728 -1640 3749 -4226 4373 423 1039 -1309 -1444 -2195 
-2472 3279 -495 809 -2373 -2172 -1989 -2305 1640 1470 
-2618 3712 -1908 -3783 305 1823 2483 4785 3349 4991 
-629 -4774 -1800 -2351 -5 -4175 3425 -2740 -1788 34 
-2435 1469 4470 1067 2256 498 4614 1009 656 -2318 
-3378 50 4943 3808 -2555 -1445 -2441 -2945 -1247 -2422 
4875 -4713 -85 -4553 1499 -4120 -3150 -2737 360 2607 
-3229 -127 1865 -3097 -4521 -2547 2350 450 -4803 1496 
3251 2200 -4071 2965 -3513 -4561 -2115 -1151 -3331 2300 
375 -3554 3490 -3767 3371 3587 -4911 1720 3747 -4479 
-3996 486 3908 2681 -3765 3507 -2221 652 561 3137 
-4936 4259 -3683 4042 -1695 -3359 -4601 -584 -358 -2011 
396 4703 3036 -3020 -3852 3470 -684 182 -3375 4854 
1509 3552 762 4025 1200 -4238 4186 4472 1059 866 
-2749 4598 2143 -2903 182 2560 -2273 2252 -2585 -3279 
4566 -4770 -2532 -2032 4888 3988 -617 -2723 -2132 3065 
-4731 1533 656 -4782 -1531 994 -4770 -747 -4803 -1522 
-3602 4742 -2103 3817 3211 642 2838 2593 -1510 -880 
-3841 1906 -3256 -2876 -1883 4055 -4524 -4042 -2380 -4657 
-3075 -4334 -3853 3491 1405 3601 -228 -3434 -4106 -1112 
3021 766 4572 -4624 -4130 4419 -1645 1126 -683 -4458 
1194 -3149 374 772 4649 3055 -386 -4054 -3193 3362 
402 1691 -4001 4251 1428 3488 -4637 996 -4026 3328 
-3599 -3995 146 4832 3285 616 -3111 4668 2672 -2387 
3386 1062 -3240 -4033 -4379 -4546 -1008 3543 2433 2116 
2281 -4112 -373 1594 -3160 -2086 -3520 -4691 -3398 4451 
-2036 -1499 -3962 2002 -4972 -341 -62 -778 1793 235 
2873 -769 4782 -2934 -3125 3435 885 2730 -3435 868 
3012 3131 -2238 -328 -4923 1124 -2718 4121 -1826 2066 
3355 -3611 -2713 -3280 -3667 1113 -2374 -3672 3322 4706 
-3456 4201 678 708 -2487 -4742 -917 975 4731 -4915 
4704 3982 4832 2279 3275 -2702 -1111 4832 -4300 4863 
4888 4054 3549 -476 2300 4487 431 3169 2174 -4130 
-2538 4260 -3316 1517 1119 -4859 -1213 3901 -3839 -3245 
3618 1346 4058 3597 109 -3358 -4229 3334 1087 -3626 
2087 3267 -1804 898 -728 247 2022 1250 -749 833 
-3898 -1354 -4996 -2940 3949 -2688 -4691 152 -4380 -1557 
-4957 -1841 -3647 -2258 -1414 1562 4258 4321 1899 -1204 
-1489 4048 3138 2527 2251 477 -460 4166 587 2794 
4257 -397 1115 504 1063 -4037 4125 -4182 2135 4502 
-1773 -803 -404 -3749 -369 3452 -4440 -213 2505 -1089 
-4767 -3316 1425 -909 -67 1434 -3899 -2768 -4166 3337 
1717 615 -4239 -2194 4885 1083 -2324 -1425 3651 -3022 
-3435 4248 -4439 -3573 3377 4079 -267 -3246 -2739 -4214 
-2264 -3903 3511 3679 2444 -918 -1439 -3924 -1398 -4445 
3793 -968 -214 -1920 -916 -630 -645 1047 1045 -3815 
-4218 -160 -1424 1044 -1922 2492 1340 3907 827 568 
4816 -2867 -4584 4290 1397 -4325 -3463 -2693 3957 -3555 
4577 4701 3218 1740 -1245 430 -4375 -1713 -329 2086 
-2935 2066 2735 861 2527 4916 4970 -295 3668 4447 
2201 759 -103 4238 1441 152 -1215 554 1024 -1074 
-3935 4293 -2413 -1658 3603 3931 471 -4152 -2671 -315 
-1985 1373 1328 3168 -4762 3905 2250 3182 -299 -3063 
-831 -3604 -1737 -4937 -2511 -1357 3211 2443 1429 -126 
-3351 972 909 -4724 2697 -2217 1374 -1010 -864 4391 
-3317 452 -228 -4585 819 -1571 211 4708 3194 -4004 
-3833 -3147 1884 1360 -4228 -4145 351 -3578 2397 -124 
313 -51 3740 653 -4942 -422 -3528 4280 2651 -4946 
-3164 755 -2209 1381 4598 -3799 2217 -4001 4157 1948 
-4186 4645 839 4837 -2756 1236 -3391 152 91 4782 
1104 -2277 579 -4766 4976 2584 3927 -1480 1451 2880 
-2287 3937 -1987 -189 4229 -2210 885 -3250 -870 -2288 
-1298 644 -586 4944 -4914 2832 377 3297 -2225 681 
-3906 -4542 4012 2279 4301 3240 -1842 3253 -4828 3484 
1673 -344 3768 2209 2224 1071 -4346 -1096 -4240 -3364 
4862 151 588 4290 -1693 -1689 2852 -3426 -3892 2333 
4155 3739 -1713 1324 697 -4671 3246 4089 1743 -674 
2530 -4081 -2855 4472 -2280 -2652 4152 -1311 3337 -1524 
2321 -1845 -3122 -3652 4448 -2818 -4348 4529 -1487 1753 
-2116 -3182 -2544 -4203 -4554 -4685 -3921 -2016 3343 -1812 
3768 -663 3048 -4358 -2316 -4553 633 -1180 828 1454 
-4746 -4144 3470 2932 2337 3015 4498 4865 -4847 3446 
3484 -1082 4385 -25 2805 -3728 1355 -4033 -26 -3155 
-2553 -3143 4628 -770 -2914 -4701 770 -3811 3268 -4697 
-2829 -1663 3766 -4002 2544 2543 2560 1616 2841 -781 
-4478 -2258 -4849 -1424 1220 3171 -2319 916 -4121 1880 
2005 -465 -1890 -1064 -1862 -4874 2781 372 -1845 -4829 
3313 4695 454 175 -3760 -3316 4382 3427 -1438 -2705 
3935 -3237 2624 161 -3136 557 -4612 -4704 -3619 -4344 
2193 -2746 -2235 4703 4812 -1359 2161 -520 -2884 -3597 
-4137 -1951 -4618 1339 -4162 -4781 -3876 -4236 -4670 -791 
-4481 -2820 -2646 -270 -3742 -2649 -984 -2587 -879 -1083 
-607 1061 1250 -878 1582 -2443 3962 3244 -2014 -2307 
2083 -2694 -4115 -2962 -1747 -3973 832 -877 179 -547 
-3998 -4392 1071 4847 3331 -3313 -3855 489 -4801 -4511 
3275 -1414 -3211 -4894 -2687 -2654 -712 3256 -3873 -4607 
-747 -4659 -4245 -2944 -3818 -1853 3165 4303 -1929 2183 
172 -3202 4680 1065 -2981 3088 -3854 -3621 -1293 3581 
-3955 -2311 3939 2535 992 3176 726 -2609 -1782 -943 
4340 2489 -814 1567 -3253 -4771 -1014 2871 -4481 -4609 
2538 -3432 -513 4145 -3318 3348 -3446 3911 734 -578 
4754 1772 -4615 2404 -4176 980 -4916 -242 2377 -2447 
-1090 4935 3024 1146 1664 1228 -3013 -3000 -4735 -3501 
4874 4963 -2896 158 -715 -1027 1600 176 869 3005 
-79 2143 102 -2497 1324 -3718 -1125 3353 -3809 -4947 
931 -1039 1706 -2573 -933 -2803 2921 1051 4484 2075 
-2509 2574 -3978 675 -3006 -64 -1500 -1174 2228 1365 
2546 3576 3345 -2793 3877 -3956 -4834 -4699 4427 -4466 
402 -4403 3899 -4427 4615 4092 -3715 -2613 4307 -4827 
-516 4061 -3129 3969 -4853 -601 -4680 -2473 -2313 4080 
-2676 -547 1099 -3022 4071 4685 1289 -1731 2487 -1846 
-3720 -149 -2147 869 -3431 1415 -4547 -4789 -2881 -1254 
-473 -4862 -3379 3863 -2185 740 -4638 -2776 -2454 1962 
-365 711 -1774 765 -4264 2081 1979 2057 2554 648 
367 100 2394 617 -665 4989 -2458 4414 -4764 392 
4776 3684 -4291 -2871 -1 -2017 4537 -2194 -526 1148 
4255 2450 -4014 4759 1164 -4576 -2945 1439 -2395 -3019 
-3266 2487 1854 4649 4890 1358 2458 3951 -1271 4257 
-3517 266 -4448 4895 1260 -798 -4663 -4242 4454 2808 
4451 -4308 -1616 71 1691 632 4947 1803 3658 4050 
-1700 -3785 3439 385 4267 -3663 -1649 -717 1020 3920 
-182 1770 -4013 953 -3489 -4011 -1986 -410 -3869 -644 
-3514 4409 -274 1825 3526 544 -3290 35 -1186 -695 
-2767 900 -2390 -3305 2820 -691 -4641 725 4289 3585 
2870 -4293 2113 -2160 3741 2367 3342 -211 2921 3933 
4725 3777 1056 -4934 -3878 1425 2855 -235 -148 3038 
-3721 -4416 234 -580 -4107 -2770 -4426 2597 -4542 -2835 
-4391 2670 -3488 4757 -3609 -1045 1238 -1791 1429 1103 
2518 -258 2936 2390 4557 -4510 -3073 3894 4667 -4496 
-2300 -222 -3180 4856 975 1794 -1370 -3196 1244 -4656 
2556 -2272 -2322 -1372 2802 -3303 -2189 1666 1481 -2326 
314 -1582 3997 4706 -3037 -4143 -2346 2954 4054 -4922 
2380 -4298 2918 -1240 -3042 -3173 -4233 -4418 -3579 1808 
4382 -3450 1684 -649 -4440 -1702 -2285 -3747 3774 -1873 
-3795 976 -761 -2256 4134 -4383 -1986 444 4209 -2550 
-2586 4507 -2704 2946 -1285 -4218 3645 -2242 -3221 1400 
-2247 4970 -4379 -257 3844 -3847 2944 4967 -4884 1097 
3295 -3910 -4119 -2341 -93 -2304 4824 4978 3378 -1987 
-4874 -1703 -1689 -3540 305 -1079 -1158 -4986 873 -3365 
4178 -1992 3468 -2500 -1097 2355 4306 -1185 -4019 2837 
-1546 -1993 -2370 601 -282 -12 -121 2714 -4147 1629 
886 494 -2721 -2464 -2254 -1103 181 1030 363 -2081 
-1398 -2694 -3244 -1082 -3244 -3061 -4050 -3654 4311 -960 
519 -3605 -3706 -532 -3117 -4923 3964 1251 4713 -4617 
2123 -2645 1682 -4586 3507 -3466 -4659 1762 820 -1457 
-3577 -136 -1705 -4733 -4231 -1446 -1302 1010 1794 2045 
3835 2325 -3434 3809 -2137 1539 4471 -1466 -4701 1295 
-1404 -2499 -4645 -1420 -2545 364 -3543 -620 1491 1447 
-1528 -1860 2405 -2021 -2615 -3588 -598 -1140 2726 4839 
-2454 -158 4357 -346 -4477 -3073 1968 -4015 -1183 -2716 
1907 -4544 -1827 85 -3771 831 436 4074 -3558 -3279 
-4791 792 -2728 -4394 -4691 3295 344 3824 -2770 2692 
2928 2658 4862 -4270 -1137 -4198 -3211 2349 -232 -3551 
-2806 3240 -3757 96 -2978 -3865 3936 -4651 -1063 2567 
-3650 -2538 2441 -2611 939 -4795 -4552 -1396 2076 -2859 
1293 -2341 -2561 4412 3174 1302 -3697 -3430 3925 3123 
-4152 1209 -2584 3912 -3268 901 -4354 -4900 1094 -4755 
4582 1931 3964 1530 -1174 -258 1082 4768 2604 602 
1757 -2972 3328 2279 588 -851 -2005 2676 -2866 -1219 
-886 1513 -3928 -4047 -4923 -3122 -3930 743 -4059 106 
-1795 -1728 4004 2158 -354 2646 -299 -1661 -2803 -4928 
3716 -3951 2834 -4828 -3538 2594 752 3324 916 2646 
3316 -2484 2540 3464 -1968 -3454 -2615 -1920 -2615 -2641 
-2196 -965 2590 -3179 2682 -2232 -3046 -4446 1792 -4348 
-4404 1532 725 4537 -812 -1251 751 -4446 2496 -1966 
-4231 -4238 2777 1646 -1453 -330 -2168 724 3786 3528 
845 -1564 -3014 -3787 2225 -3771 -3359 -1119 -1815 -2283 
1525 -4934 -3986 4205 -3879 -4278 4507 -2967 -1284 -2671 
1671 -2682 -4765 4946 -2284 1068 2872 -2724 -2233 -1906 
2578 -708 -4647 -1777 -2761 2418 4669 -1832 -4784 1217 
2675 -1304 -4980 1947 -4996 -2213 -4297 -2372 143 -3522 
-196 1605 3084 -1215 -1927 -1283 767 -3299 -3518 -125 
-3050 1209 -168 2582 -1449 -776 940 408 -1860 -2747 
-4481 3329 192 3538 2555 -3584 -225 -83 4119 3879 
-2744 -4364 2087 -2552 2822 -4246 -4717 -4342 -2864 -2277 
4505 273 -4850 4492 -2299 -2099 -419 502 160 -3375 
-2332 2741 -2026 -3401 4776 -4452 1340 3970 -115 -2661 
-4510 2628 -4258 -1452 1638 -1327 398 -3814 3945 -2813 
-4768 4331 -3770 3264 4484 -224 -3888 -4647 3556 3842 
-3333 2260 4478 -1473 1854 2476 1970 4589 -4489 391 
14 4207 1087 -4071 -1304 3046 -4080 -1688 444 2681 
-12 319 -569 3287 3408 4550 -573 -3700 1073 642 
-2909 -2413 -843 2185 1074 -4084 -1330 3545 -3945 -1218 
4434 2377 -2804 -690 1654 -2400 3487 -4783 -675 -1387 
4408 -290 1579 -2330 1148 4071 1951 -2643 2338 -2055 
1905 -464 -1692 1106 -2281 -2280 3384 851 1550 -3084 
4511 -2729 567 -1393 -3651 4387 -3216 -4641 -3781 2173 
-4059 -4496 -2838 4690 2967 -848 -4999 -4510 1932 -4180 
696 3231 -4298 635 1293 -745 4904 -2295 -313 3917 
-4137 3607 4626 -2545 4366 -3023 4747 4739 -3388 -3008 
-2732 -2413 -3215 -3103 393 -3092 4479 -4187 -124 1841 
-4114 -1174 4334 -4683 106 907 -2825 -3783 2961 -876 
-3848 3106 1360 -3608 4119 -3937 -2323 1830 -2452 4153 
1818 3113 -2559 -4917 -2968 -80 -786 -4171 4219 461 
3398 -1556 -3955 -3823 -4564 -2460 4373 4616 4746 -1104 
2761 -3519 -4236 3817 -2735 -3583 520 -226 4814 -3272 
2264 -4485 -3605 4404 4588 381 1555 -1851 -4447 -2748 
835 -4655 1927 4410 497 -4808 -390 -2125 2766 4394 
2606 -2011 408 2424 4929 -3909 -2813 -4039 -981 4596 
4248 1678 -1239 -879 3182 2680 2523 1920 4921 1608 
-774 2690 1824 -1065 558 -2893 -4669 1335 -3489 -1061 
93 -4294 -1909 752 -3834 -2879 -3129 -2625 4204 -3704 
-2615 2027 -1388 -4096 4790 -92 4491 4285 -3433 -2532 
322 -4927 -2063 -4474 -311 -856 -4107 4928 -1974 -2410 
-779 755 -2758 1310 1736 -2840 -2772 4421 -1760 -3010 
3015 -4634 1050 121 -4232 614 -4010 2988 1483 -3301 
776 -2486 -1050 -2999 -1027 -3447 3014 -4355 3266 57 
-4241 3389 402 -4780 -1586 -4897 1118 982 4945 -2614 
2498 4431 -3911 -4357 2486 2422 2207 3464 2050 2576 
1397 -2534 3477 -3662 622 2294 4744 1203 3696 -3524 
-482 -4299 -4599 -924 -2161 -2826 -4416 3814 -2987 -222 
-4099 1065 999 1067 1980 -2033 2900 -3733 4110 -4209 
1618 -4167 -751 4194 3432 -757 -2383 609 -4456 -453 
1406 -4721 225 -2211 2448 -4716 -2796 3328 -424 4233 
-2763 -3406 -1927 4187 213 1209 -217 3242 2238 -2752 
127 -3551 4622 1790 -2169 -4373 -3561 -4674 -3625 -4717 
4022 1834 1896 2988 -3069 4344 -2372 787 -3480 2266 
3455 3218 2806 1041 -3636 4695 1732 -4494 -3629 -4796 
-822 -2484 297 -4793 4413 -3112 4320 573 4267 1938 
-4199 1635 -2055 183 1463 -3859 -1781 -1121 -1402 -886 
-3835 -1715 1900 1528 -3761 981 2606 2516 -3266 -2450 
-2538 -1275 1137 4712 1588 1050 -3304 -561 2595 -2096 
2956 -2544 654 -1336 203 -3109 -286 -359 -4125 -4070 
4405 242 -2831 4785 4599 4450 1562 -4697 1096 1260 
2585 -4428 3786 -4027 2570 267 3433 -2288 -3240 698 
3688 2092 1746 -1489 -3538 -2644 -1198 589 -3199 -4313 
3185 1056 -3439 593 149 -194 89 2874 1533 3918 
-2479 -3482 -4833 2445 -2313 -3588 -4401 3870 -3345 -2925 
-3917 -3439 872 3210 -3084 -1704 4609 -4858 -3128 1158 
3421 4849 4942 841 739 1345 841 1562 -2552 -3945 
-2351 -2237 4497 329 2086 -1552 -3484 -1053 4918 -1000 
1774 1305 193 -738 730 1392 -4821 -4509 1712 -1330 
-2877 -722 -883 4990 4673 2895 2306 4584 101 2912 
767 -4991 2909 -3971 -127 3951 2231 -1498 937 -1296 
2888 162 -3761 716 2508 2278 -1305 -4857 3056 -1897 
-1453 -3429 -4309 1340 1209 2342 1876 -4153 3558 4384 
-560 4118 -4253 192 -3717 4469 -2649 -4913 -4855 2166 
4926 -2515 1677 116 -2807 370 4330 2660 -4795 264 
265 4092 48 -1609 2762 -1623 -2439 -4031 -4147 2124 
-1816 4032 4419 -2684 3102 1052 3777 -2910 -4130 -3807 
-4506 -823 3004 4384 -3347 2645 -4060 -987 -3451 -2371 
4014 -1846 -1970 -2020 -3615 1193 4710 524 -650 4999 
806 -364 -4897 496 4023 2052 -4841 941 1832 -3843 
1291 637 292 1143 -4230 1331 4688 -4675 713 140 
-2061 4588 4953 -4188 -919 -4692 -3651 2954 4729 3630 
3831 -304 -3723 2855 163 -1737 -3183 -1957 3718 -2261 
3928 -2274 872 3771 4444 -2921 1600 -4147 1389 -3242 
-3330 -1841 -372 -2729 -4369 -4160 -656 -4585 -1572 864 
3897 2646 3269 4853 -525 -1026 -2164 2735 -3508 -3117 
2196 -2305 -3255 -1124 4332 -2604 2438 3409 4950 1077 
-3362 1029 1438 2230 3402 -4874 -265 2597 1788 355 
807 -3132 -4353 2701 -1226 860 1879 -2719 -2173 -4241 
-2609 2036 4552 -4577 4003 -2288 -4449 -4706 -3350 -1569 
-4715 4661 -3719 1557 1262 -2039 -2140 -526 1497 -118 
-1883 -1256 -1403 1054 -1470 -1973 2004 -754 -3525 -2985 
3999 -529 673 -4554 -4709 -2700 -4611 3361 -1894 466 
-2656 3382 -3548 -1836 4902 4476 -2376 -2592 -511 -3725 
2926 489 3235 2991 1071 3799 1756 -1433 2391 3300 
2213 -3256 -2855 -1385 -4613 -144 -541 839 -3439 440 
2500 -3176 4367 -4159 4540 3210 -4177 2482 3395 4611 
2666 -3872 4877 3881 1854 992 -2805 -3611 -1421 601 
-1787 -2556 -450 526 520 992 -4299 -3510 -1814 -3618 
2981 -4340 -3834 265 -80 -907 -3820 1487 -597 -3472 
1143 -2710 -1417 -190 -1250 -1486 -3651 1666 99 -3439 
-4320 -3878 -4472 -1064 446 -1026 3236 2544 903 -4323 
3144 -2893 -4991 -4314 -2074 1435 2395 -4467 2388 283 
-3567 1358 3133 -4850 4624 -4496 -3511 2284 1674 494 
-4625 -428 -677 3458 936 -4906 -4403 -1805 -4827 1200 
-4599 2385 -3453 -980 -1649 3742 4606 1896 1464 -2273 
3652 -282 4746 -2797 3020 4341 2220 499 583 2080 
3211 -4325 2773 -1179 3660 3880 2651 -3928 -1102 -4685 
-700 -3127 3186 -2707 -3307 963 -858 4075 1653 -4809 
-2545 116 -691 -1720 -4626 855 -3075 -4232 692 2259 
2367 -4076 617 1970 -3793 -4773 -4806 -2235 -1637 -4075 
4054 4022 -648 385 1676 1882 -346 -2625 -4979 -3579 
-3020 -1457 1351 4547 -3530 1754 3621 -2636 2358 -4288 
-2751 2887 -1814 4673 -3253 -4838 4821 624 1087 1201 
-2625 4932 738 3493 -2311 -2687 2333 -1121 4812 -4472 
-403 2613 -110 -3302 -4583 3044 3864 -1246 3526 2800 
2065 -3725 1449 1895 -2306 2015 -2965 2060 -3619 -1173 
2545 -621 4000 2815 4588 3928 -3632 -318 2813 -2651 
-2367 2757 -3714 4435 2151 2543 -1890 -3263 -3079 -3735 
-2133 4259 -2586 -597 -4796 -3795 -603 1703 -961 4960 
-1647 2867 1433 2131 4165 3821 2748 -682 -2860 -4037 
-2410 3763 1356 -2464 -1064 -2537 2460 3718 235 -3073 
995 4104 922 -138 -4997 94 1084 1838 -3193 -1377 
-1568 -4515 -2104 2226 -2497 -3302 -3962 -4970 -3364 -2552 
381 -621 -3745 2002 2534 96 -4334 1063 904 -2921 
-581 2329 -1858 2149 2940 -1248 2826 4262 1239 533 
3978 4961 -4218 -4789 -901 -4401 2858 3264 -3364 4658 
3634 -3947 1700 1300 -3713 3354 1029 -2659 -2203 -4370 
-4429 3162 -523 757 2032 -4118 1209 3867 -4198 -198 
2943 359 -3416 -4269 -1303 580 209 898 -3580 -4420 
3517 -4551 -136 4966 -3600 613 -2481 3746 -2748 -2064 
-774 -2958 -2363 1719 3808 -4261 4115 846 3448 860 
1316 1058 -1414 -433 -4695 1551 3521 -2019 1938 -4749 
-3933 -4121 2019 1283 2948 -494 -4359 -114 -2329 979 
2152 1679 -1257 -2261 -953 -2746 -4603 4372 1919 3720 
1651 -2515 911 -1178 -1552 -3421 4131 -1364 -4667 369 
3622 -533 3728 -40 -3674 569 -3522 -1214 -1417 3671 
4047 3028 -4469 -1565 4948 1187 -2400 -4817 652 2232 
746 -4286 -688 4214 291 -1362 -4837 -1077 -2400 3265 
718 -3818 -170 -3664 -781 2104 1165 -4383 1088 -2594 
-4221 2968 1838 -4722 4964 -3564 2411 -3665 -903 2906 
-4435 3998 -786 -3597 -4104 -4689 -2375 -3038 3714 4304 
-905 -2680 4996 3188 -711 635 -2525 159 -960 -3964 
609 -707 -2524 2457 1358 -2248 -1429 -4325 -2798 -1302 
-2040 -2960 1247 1759 4786 963 -4861 3294 -4761 -4998 
4204 2298 -2991 -4488 -3313 1876 -2345 820 -4214 -2316 
-1465 1499 376 3864 -1917 -2894 -1963 2347 -2215 2814 
1363 2041 -1689 -2121 3932 2242 4399 4634 -3255 -2754 
-4841 414 -2606 2656 3045 2617 -3113 -3474 -2487 1796 
-674 111 1547 2812 -2770 -1210 -2762 -2741 -340 3903 
117 1814 -1564 1159 1198 472 -2262 -416 -3396 2720 
-3615 1733 801 4534 3628 -2997 4987 1779 -2877 -4791 
1142 449 -1608 -2486 -2253 849 -3253 1072 -2328 -1988 
-3637 3595 -1913 -532 -3762 1866 131 3548 -3630 -4671 
3265 -1107 -460 -4885 -1956 -3782 -4398 -94 1163 -3794 
3196 1486 4982 2885 -4368 138 -4345 -688 3239 429 
2878 -3555 1705 1079 -4168 -4601 3016 3770 -2752 -2183 
1420 124 1254 2425 4890 -3222 2464 -4765 -3333 -4962 
446 -2526 4106 -4524 -4830 4422 -1186 106 -3968 -2493 
-3015 3142 -2254 551 -3936 -420 -3041 -2402 -3172 1968 
4381 441 -3168 3097 3524 -2884 -2917 -2873 -4507 567 
-240 3479 2251 4456 3125 -4444 -767 1294 -1942 -3056 
4021 2033 -1926 979 4091 3072 -2298 -1966 -540 4123 
-3840 -4652 -4176 -4973 4437 4177 3570 3438 3343 2061 
2100 -4049 -1526 3716 4843 1622 -2203 1125 -69 -2748 
4139 -2412 -2994 3394 -205 2267 657 -2334 -2764 4480 
-896 3093 -3459 -3411 35 -2834 -4348 1772 3736 856 
-4210 -3199 -2428 3268 -4017 -1123 4260 -3723 -3903 2608 
4185 -272 -2582 847 -4317 3853 1401 -3642 -4115 -1725 
3170 -2865 2202 3764 -533 -3372 -371 1668 -4683 -3839 
-4161 -32 3583 4830 -2035 4684 -2185 -500 4320 -3138 
275 -1315 -4158 -1863 3375 -4296 -403 -3188 -809 -4675 
2374 4221 -3640 -3913 -4390 -80 -4830 1888 -3081 -2980 
2320 -3271 -1154 -3025 -2613 -4886 -2040 513 2924 758 
455 807 -3151 4595 142 2809 -4622 -4215 -3933 1270 
-4572 568 2420 2342 2781 4367 -4968 -751 -1847 890 
-1624 926 -3795 1340 1198 -1858 3834 -4051 1932 -4182 
-2924 -4762 -4129 -550 4 3835 3093 1591 1914 2119 
2958 -2013 3879 4510 -4752 3160 3530 4111 3949 3967 
-1110 -2359 -4296 -4158 4403 1425 2949 2563 -1708 -1648 
-3279 -657 -3303 -2607 1554 -3043 -3500 -1844 3792 -3989 
-1711 4844 4213 -2837 4281 -4936 4240 -3590 4824 4864 
-3616 1890 -3413 1638 1999 -2096 1164 -3104 -3603 2168 
401 2667 -4977 4583 -4975 4626 104 -2438 3528 -4129 
-3434 -3187 3229 -2960 1552 -4777 642 1166 2479 3812 
-2003 3578 2442 -798 1957 1705 4518 -304 -1378 -1534 
-4547 4484 -1464 4725 -2465 -1284 -1276 671 -3641 -1673 
-4678 -1989 -96 1190 -4953 -805 2775 -1971 -4294 1079 
2738 3534 -3263 1844 2769 -3385 -2784 2153 -4252 -4214 
-3198 -1905 4574 -129 4274 -1385 -3656 -4635 4044 -2256 
4009 4686 -688 -2295 1989 -1684 -57 900 -3773 3206 
-1815 -4213 -813 -2576 2622 1431 1327 -4022 3315 3855 
-3198 -2809 -1920 -3154 3223 4288 -1001 520 3235 2906 
2352 1630 -2715 -634 4435 -4736 -4835 3816 -3531 1923 
795 -3254 -1706 -2701 -4311 2082 -3190 443 -148 1969 
-2824 3170 1255 4141 -2817 4888 2480 3761 4527 3809 
4151 -3837 135 1057 964 -3769 3899 -1367 1472 2530 
1064 -3327 4215 242 523 4183 -1427 556 1118 -4537 
-3841 -3435 -2779 251 -389 -3915 -3271 868 -1566 -2855 
-3054 1178 -2500 872 1770 2160 -4099 3673 4111 172 
-121 -1485 2521 -3034 -3536 -4652 -4674 494 2789 -4890 
-3054 -3357 1376 2879 -3853 3505 -3466 -1080 1684 2539 
3251 1664 -3385 -3654 314 -4174 -1551 -2588 -2040 -1548 
-4247 4336 3513 -495 -783 -743 -3635 -3446 -3640 4081 
-4244 1688 -3650 2616 -2825 -1451 2618 -4867 1921 524 
-2327 -4940 2414 1838 1560 1289 -2374 2423 -2444 -2236 
4621 2928 -4529 1070 -4802 -2010 -4282 -2589 3286 1178 
2624 3815 -3721 987 -1798 -4418 -4228 -4879 1265 -1641 
-1245 2459 4368 -4536 -3592 -2213 -389 -3760 -4141 
